	x				y
-32.000000		164.000000
-31.980000		162.320312
-31.959999		160.641479
-31.939999		158.963501
-31.919998		157.286255
-31.899998		155.609863
-31.879997		153.934204
-31.859997		152.259277
-31.839996		150.585205
-31.819996		148.912109
-31.799995		147.239502
-31.779995		145.567993
-31.759995		143.897217
-31.739994		142.227051
-31.719994		140.557861
-31.699993		138.889404
-31.679993		137.221802
-31.659992		135.554932
-31.639992		133.888916
-31.619991		132.223633
-31.599991		130.559326
-31.579990		128.895508
-31.559990		127.232788
-31.539989		125.570801
-31.519989		123.909424
-31.499989		122.249023
-31.479988		120.589355
-31.459988		118.930664
-31.439987		117.272461
-31.419987		115.615234
-31.399986		113.958984
-31.379986		112.303223
-31.359985		110.648438
-31.339985		108.994385
-31.319984		107.341064
-31.299984		105.688721
-31.279984		104.037109
-31.259983		102.386230
-31.239983		100.736206
-31.219982		99.086914
-31.199982		97.438477
-31.179981		95.790771
-31.159981		94.144043
-31.139980		92.498047
-31.119980		90.852783
-31.099979		89.208252
-31.079979		87.564697
-31.059978		85.921875
-31.039978		84.279785
-31.019978		82.638550
-30.999977		80.998047
-30.979977		79.358521
-30.959976		77.719727
-30.939976		76.081543
-30.919975		74.444336
-30.899975		72.807983
-30.879974		71.172363
-30.859974		69.537476
-30.839973		67.903320
-30.819973		66.270264
-30.799973		64.637695
-30.779972		63.006104
-30.759972		61.375244
-30.739971		59.745239
-30.719971		58.115967
-30.699970		56.487549
-30.679970		54.859863
-30.659969		53.233154
-30.639969		51.607056
-30.619968		49.981812
-30.599968		48.357422
-30.579967		46.733765
-30.559967		45.110840
-30.539967		43.488892
-30.519966		41.867676
-30.499966		40.247314
-30.479965		38.627563
-30.459965		37.008789
-30.439964		35.390747
-30.419964		33.773438
-30.399963		32.156982
-30.379963		30.541382
-30.359962		28.926514
-30.339962		27.312500
-30.319962		25.699219
-30.299961		24.086914
-30.279961		22.475342
-30.259960		20.864380
-30.239960		19.254395
-30.219959		17.645020
-30.199959		16.036621
-30.179958		14.429077
-30.159958		12.822266
-30.139957		11.216187
-30.119957		9.610962
-30.099957		8.006592
-30.079956		6.402832
-30.059956		4.800049
-30.039955		3.197998
-30.019955		1.596802
-29.999954		-0.003662
-29.979954		-1.603271
-29.959953		-3.202148
-29.939953		-4.800171
-29.919952		-6.397461
-29.899952		-7.993896
-29.879951		-9.589478
-29.859951		-11.184326
-29.839951		-12.778320
-29.819950		-14.371582
-29.799950		-15.963989
-29.779949		-17.555664
-29.759949		-19.146484
-29.739948		-20.736572
-29.719948		-22.325806
-29.699947		-23.914185
-29.679947		-25.501831
-29.659946		-27.088623
-29.639946		-28.674561
-29.619946		-30.259888
-29.599945		-31.844360
-29.579945		-33.427979
-29.559944		-35.010864
-29.539944		-36.592773
-29.519943		-38.174072
-29.499943		-39.754517
-29.479942		-41.334106
-29.459942		-42.912964
-29.439941		-44.490967
-29.419941		-46.068359
-29.399940		-47.644775
-29.379940		-49.220337
-29.359940		-50.795166
-29.339939		-52.369141
-29.319939		-53.942383
-29.299938		-55.514893
-29.279938		-57.086426
-29.259937		-58.657349
-29.239937		-60.227417
-29.219936		-61.796631
-29.199936		-63.364990
-29.179935		-64.932617
-29.159935		-66.499512
-29.139935		-68.065430
-29.119934		-69.630737
-29.099934		-71.195190
-29.079933		-72.758789
-29.059933		-74.321655
-29.039932		-75.883667
-29.019932		-77.444946
-28.999931		-79.005371
-28.979931		-80.564941
-28.959930		-82.123779
-28.939930		-83.681885
-28.919930		-85.239136
-28.899929		-86.795532
-28.879929		-88.351074
-28.859928		-89.906006
-28.839928		-91.459961
-28.819927		-93.013184
-28.799927		-94.565674
-28.779926		-96.117310
-28.759926		-97.668213
-28.739925		-99.218140
-28.719925		-100.767334
-28.699924		-102.315918
-28.679924		-103.863525
-28.659924		-105.410278
-28.639923		-106.956299
-28.619923		-108.501587
-28.599922		-110.046021
-28.579922		-111.589600
-28.559921		-113.132446
-28.539921		-114.674561
-28.519920		-116.215698
-28.499920		-117.756104
-28.479919		-119.295776
-28.459919		-120.834717
-28.439919		-122.372681
-28.419918		-123.909912
-28.399918		-125.446289
-28.379917		-126.981934
-28.359917		-128.516846
-28.339916		-130.050781
-28.319916		-131.583984
-28.299915		-133.116455
-28.279915		-134.648193
-28.259914		-136.178955
-28.239914		-137.708984
-28.219913		-139.238281
-28.199913		-140.766602
-28.179913		-142.294189
-28.159912		-143.821045
-28.139912		-145.347168
-28.119911		-146.872314
-28.099911		-148.396729
-28.079910		-149.920410
-28.059910		-151.443359
-28.039909		-152.965332
-28.019909		-154.486572
-27.999908		-156.006958
-27.979908		-157.526611
-27.959908		-159.045410
-27.939907		-160.563477
-27.919907		-162.080688
-27.899906		-163.597168
-27.879906		-165.112793
-27.859905		-166.627563
-27.839905		-168.141602
-27.819904		-169.654785
-27.799904		-171.167236
-27.779903		-172.678955
-27.759903		-174.189697
-27.739902		-175.699707
-27.719902		-177.208984
-27.699902		-178.717407
-27.679901		-180.225098
-27.659901		-181.731934
-27.639900		-183.237915
-27.619900		-184.743164
-27.599899		-186.247559
-27.579899		-187.751221
-27.559898		-189.254028
-27.539898		-190.756104
-27.519897		-192.257324
-27.499897		-193.757812
-27.479897		-195.257324
-27.459896		-196.756104
-27.439896		-198.254150
-27.419895		-199.751465
-27.399895		-201.247803
-27.379894		-202.743408
-27.359894		-204.238281
-27.339893		-205.732422
-27.319893		-207.225586
-27.299892		-208.718018
-27.279892		-210.209717
-27.259892		-211.700439
-27.239891		-213.190430
-27.219891		-214.679688
-27.199890		-216.168213
-27.179890		-217.655762
-27.159889		-219.142578
-27.139889		-220.628662
-27.119888		-222.113892
-27.099888		-223.598389
-27.079887		-225.081909
-27.059887		-226.564697
-27.039886		-228.046875
-27.019886		-229.528076
-26.999886		-231.008545
-26.979885		-232.488037
-26.959885		-233.966919
-26.939884		-235.444946
-26.919884		-236.922119
-26.899883		-238.398682
-26.879883		-239.874268
-26.859882		-241.349121
-26.839882		-242.823120
-26.819881		-244.296387
-26.799881		-245.768799
-26.779881		-247.240479
-26.759880		-248.711182
-26.739880		-250.181152
-26.719879		-251.650391
-26.699879		-253.118896
-26.679878		-254.586548
-26.659878		-256.053345
-26.639877		-257.519409
-26.619877		-258.984619
-26.599876		-260.448975
-26.579876		-261.912598
-26.559875		-263.375488
-26.539875		-264.837524
-26.519875		-266.298828
-26.499874		-267.759155
-26.479874		-269.218750
-26.459873		-270.677734
-26.439873		-272.135620
-26.419872		-273.592896
-26.399872		-275.049316
-26.379871		-276.505005
-26.359871		-277.959839
-26.339870		-279.413818
-26.319870		-280.867065
-26.299870		-282.319458
-26.279869		-283.770996
-26.259869		-285.221924
-26.239868		-286.671875
-26.219868		-288.121216
-26.199867		-289.569580
-26.179867		-291.017212
-26.159866		-292.464111
-26.139866		-293.910156
-26.119865		-295.355225
-26.099865		-296.799805
-26.079865		-298.243408
-26.059864		-299.686279
-26.039864		-301.128174
-26.019863		-302.569458
-25.999863		-304.009888
-25.979862		-305.449463
-25.959862		-306.888306
-25.939861		-308.326416
-25.919861		-309.763672
-25.899860		-311.199951
-25.879860		-312.635742
-25.859859		-314.070435
-25.839859		-315.504517
-25.819859		-316.937744
-25.799858		-318.370117
-25.779858		-319.801758
-25.759857		-321.232666
-25.739857		-322.662598
-25.719856		-324.091919
-25.699856		-325.520264
-25.679855		-326.947998
-25.659855		-328.374756
-25.639854		-329.800781
-25.619854		-331.226074
-25.599854		-332.650391
-25.579853		-334.074097
-25.559853		-335.496826
-25.539852		-336.918945
-25.519852		-338.340088
-25.499851		-339.760498
-25.479851		-341.180176
-25.459850		-342.598999
-25.439850		-344.017090
-25.419849		-345.434326
-25.399849		-346.850708
-25.379848		-348.266357
-25.359848		-349.681152
-25.339848		-351.095215
-25.319847		-352.508423
-25.299847		-353.920898
-25.279846		-355.332520
-25.259846		-356.743286
-25.239845		-358.153320
-25.219845		-359.562500
-25.199844		-360.970947
-25.179844		-362.378662
-25.159843		-363.785400
-25.139843		-365.191406
-25.119843		-366.596680
-25.099842		-368.001099
-25.079842		-369.404663
-25.059841		-370.807495
-25.039841		-372.209473
-25.019840		-373.610840
-24.999840		-375.011230
-24.979839		-376.410889
-24.959839		-377.809692
-24.939838		-379.207764
-24.919838		-380.604858
-24.899837		-382.001343
-24.879837		-383.396973
-24.859837		-384.791748
-24.839836		-386.185791
-24.819836		-387.579102
-24.799835		-388.971436
-24.779835		-390.363037
-24.759834		-391.753906
-24.739834		-393.143921
-24.719833		-394.533203
-24.699833		-395.921631
-24.679832		-397.309204
-24.659832		-398.696045
-24.639832		-400.082031
-24.619831		-401.467285
-24.599831		-402.851685
-24.579830		-404.235352
-24.559830		-405.618164
-24.539829		-407.000244
-24.519829		-408.381470
-24.499828		-409.761841
-24.479828		-411.141479
-24.459827		-412.520264
-24.439827		-413.898315
-24.419827		-415.275513
-24.399826		-416.651978
-24.379826		-418.027588
-24.359825		-419.402466
-24.339825		-420.776367
-24.319824		-422.149658
-24.299824		-423.522095
-24.279823		-424.893677
-24.259823		-426.264526
-24.239822		-427.634521
-24.219822		-429.003784
-24.199821		-430.372192
-24.179821		-431.739746
-24.159821		-433.106689
-24.139820		-434.472656
-24.119820		-435.837891
-24.099819		-437.202393
-24.079819		-438.565918
-24.059818		-439.928711
-24.039818		-441.290771
-24.019817		-442.652100
-23.999817		-444.012451
-23.979816		-445.372070
-23.959816		-446.730957
-23.939816		-448.088867
-23.919815		-449.446167
-23.899815		-450.802612
-23.879814		-452.158203
-23.859814		-453.512939
-23.839813		-454.867065
-23.819813		-456.220215
-23.799812		-457.572632
-23.779812		-458.924316
-23.759811		-460.275146
-23.739811		-461.625244
-23.719810		-462.974365
-23.699810		-464.322754
-23.679810		-465.670410
-23.659809		-467.017334
-23.639809		-468.363281
-23.619808		-469.708496
-23.599808		-471.052979
-23.579807		-472.396484
-23.559807		-473.739380
-23.539806		-475.081299
-23.519806		-476.422607
-23.499805		-477.763062
-23.479805		-479.102661
-23.459805		-480.441467
-23.439804		-481.779480
-23.419804		-483.116760
-23.399803		-484.453125
-23.379803		-485.788757
-23.359802		-487.123596
-23.339802		-488.457642
-23.319801		-489.790894
-23.299801		-491.123230
-23.279800		-492.454895
-23.259800		-493.785706
-23.239799		-495.115723
-23.219799		-496.444946
-23.199799		-497.773376
-23.179798		-499.101013
-23.159798		-500.427856
-23.139797		-501.753845
-23.119797		-503.079041
-23.099796		-504.403503
-23.079796		-505.727051
-23.059795		-507.049927
-23.039795		-508.371948
-23.019794		-509.693176
-22.999794		-511.013550
-22.979794		-512.333191
-22.959793		-513.652039
-22.939793		-514.970093
-22.919792		-516.287231
-22.899792		-517.603699
-22.879791		-518.919312
-22.859791		-520.234192
-22.839790		-521.548218
-22.819790		-522.861389
-22.799789		-524.173828
-22.779789		-525.485474
-22.759789		-526.796265
-22.739788		-528.106262
-22.719788		-529.415527
-22.699787		-530.723938
-22.679787		-532.031494
-22.659786		-533.338379
-22.639786		-534.644409
-22.619785		-535.949585
-22.599785		-537.254028
-22.579784		-538.557617
-22.559784		-539.860474
-22.539783		-541.162476
-22.519783		-542.463745
-22.499783		-543.764160
-22.479782		-545.063721
-22.459782		-546.362549
-22.439781		-547.660583
-22.419781		-548.957764
-22.399780		-550.254272
-22.379780		-551.549866
-22.359779		-552.844666
-22.339779		-554.138672
-22.319778		-555.431885
-22.299778		-556.724365
-22.279778		-558.015991
-22.259777		-559.306763
-22.239777		-560.596802
-22.219776		-561.886047
-22.199776		-563.174438
-22.179775		-564.462036
-22.159775		-565.748901
-22.139774		-567.034912
-22.119774		-568.320129
-22.099773		-569.604492
-22.079773		-570.888184
-22.059772		-572.171021
-22.039772		-573.453003
-22.019772		-574.734253
-21.999771		-576.014648
-21.979771		-577.294312
-21.959770		-578.573120
-21.939770		-579.851074
-21.919769		-581.128296
-21.899769		-582.404785
-21.879768		-583.680359
-21.859768		-584.955200
-21.839767		-586.229248
-21.819767		-587.502441
-21.799767		-588.774841
-21.779766		-590.046448
-21.759766		-591.317261
-21.739765		-592.587280
-21.719765		-593.856567
-21.699764		-595.124939
-21.679764		-596.392578
-21.659763		-597.659424
-21.639763		-598.925415
-21.619762		-600.190613
-21.599762		-601.455078
-21.579762		-602.718689
-21.559761		-603.981445
-21.539761		-605.243530
-21.519760		-606.504761
-21.499760		-607.765137
-21.479759		-609.024780
-21.459759		-610.283569
-21.439758		-611.541626
-21.419758		-612.798828
-21.399757		-614.055237
-21.379757		-615.310852
-21.359756		-616.565674
-21.339756		-617.819702
-21.319756		-619.072876
-21.299755		-620.325317
-21.279755		-621.576904
-21.259754		-622.827759
-21.239754		-624.077759
-21.219753		-625.327026
-21.199753		-626.575439
-21.179752		-627.823059
-21.159752		-629.069824
-21.139751		-630.315857
-21.119751		-631.561096
-21.099751		-632.805542
-21.079750		-634.049133
-21.059750		-635.291931
-21.039749		-636.533936
-21.019749		-637.775208
-20.999748		-639.015625
-20.979748		-640.255249
-20.959747		-641.494019
-20.939747		-642.732056
-20.919746		-643.969238
-20.899746		-645.205688
-20.879745		-646.441284
-20.859745		-647.676147
-20.839745		-648.910156
-20.819744		-650.143372
-20.799744		-651.375793
-20.779743		-652.607422
-20.759743		-653.838257
-20.739742		-655.068237
-20.719742		-656.297485
-20.699741		-657.525879
-20.679741		-658.753540
-20.659740		-659.980286
-20.639740		-661.206299
-20.619740		-662.431580
-20.599739		-663.656006
-20.579739		-664.879578
-20.559738		-666.102417
-20.539738		-667.324463
-20.519737		-668.545654
-20.499737		-669.766052
-20.479736		-670.985718
-20.459736		-672.204468
-20.439735		-673.422485
-20.419735		-674.639709
-20.399734		-675.856140
-20.379734		-677.071777
-20.359734		-678.286621
-20.339733		-679.500610
-20.319733		-680.713806
-20.299732		-681.926270
-20.279732		-683.137817
-20.259731		-684.348633
-20.239731		-685.558716
-20.219730		-686.767944
-20.199730		-687.976318
-20.179729		-689.183960
-20.159729		-690.390747
-20.139729		-691.596802
-20.119728		-692.802002
-20.099728		-694.006348
-20.079727		-695.210022
-20.059727		-696.412842
-20.039726		-697.614868
-20.019726		-698.816040
-19.999725		-700.016479
-19.979725		-701.216125
-19.959724		-702.414917
-19.939724		-703.612915
-19.919724		-704.810181
-19.899723		-706.006592
-19.879723		-707.202148
-19.859722		-708.396973
-19.839722		-709.591003
-19.819721		-710.784241
-19.799721		-711.976685
-19.779720		-713.168213
-19.759720		-714.359070
-19.739719		-715.549072
-19.719719		-716.738281
-19.699718		-717.926697
-19.679718		-719.114380
-19.659718		-720.301147
-19.639717		-721.487183
-19.619717		-722.672363
-19.599716		-723.856812
-19.579716		-725.040405
-19.559715		-726.223267
-19.539715		-727.405273
-19.519714		-728.586426
-19.499714		-729.766907
-19.479713		-730.946533
-19.459713		-732.125305
-19.439713		-733.303345
-19.419712		-734.480591
-19.399712		-735.656982
-19.379711		-736.832520
-19.359711		-738.007385
-19.339710		-739.181396
-19.319710		-740.354614
-19.299709		-741.526978
-19.279709		-742.698608
-19.259708		-743.869507
-19.239708		-745.039490
-19.219707		-746.208679
-19.199707		-747.377075
-19.179707		-748.544739
-19.159706		-749.711548
-19.139706		-750.877563
-19.119705		-752.042725
-19.099705		-753.207214
-19.079704		-754.370789
-19.059704		-755.533569
-19.039703		-756.695618
-19.019703		-757.856873
-18.999702		-759.017212
-18.979702		-760.176880
-18.959702		-761.335693
-18.939701		-762.493713
-18.919701		-763.650879
-18.899700		-764.807312
-18.879700		-765.962952
-18.859699		-767.117798
-18.839699		-768.271729
-18.819698		-769.424988
-18.799698		-770.577393
-18.779697		-771.729004
-18.759697		-772.879822
-18.739697		-774.029785
-18.719696		-775.179077
-18.699696		-776.327515
-18.679695		-777.475098
-18.659695		-778.621887
-18.639694		-779.767944
-18.619694		-780.913147
-18.599693		-782.057556
-18.579693		-783.201172
-18.559692		-784.343994
-18.539692		-785.485962
-18.519691		-786.627197
-18.499691		-787.767578
-18.479691		-788.907227
-18.459690		-790.046021
-18.439690		-791.184082
-18.419689		-792.321289
-18.399689		-793.457642
-18.379688		-794.593323
-18.359688		-795.728149
-18.339687		-796.862061
-18.319687		-797.995361
-18.299686		-799.127808
-18.279686		-800.259399
-18.259686		-801.390137
-18.239685		-802.520203
-18.219685		-803.649414
-18.199684		-804.777832
-18.179684		-805.905396
-18.159683		-807.032227
-18.139683		-808.158264
-18.119682		-809.283447
-18.099682		-810.407837
-18.079681		-811.531494
-18.059681		-812.654297
-18.039680		-813.776306
-18.019680		-814.897522
-17.999680		-816.017944
-17.979679		-817.137573
-17.959679		-818.256348
-17.939678		-819.374390
-17.919678		-820.491577
-17.899677		-821.608032
-17.879677		-822.723633
-17.859676		-823.838379
-17.839676		-824.952454
-17.819675		-826.065674
-17.799675		-827.178101
-17.779675		-828.289673
-17.759674		-829.400513
-17.739674		-830.510498
-17.719673		-831.619751
-17.699673		-832.728149
-17.679672		-833.835754
-17.659672		-834.942566
-17.639671		-836.048584
-17.619671		-837.153809
-17.599670		-838.258179
-17.579670		-839.361816
-17.559669		-840.464600
-17.539669		-841.566650
-17.519669		-842.667847
-17.499668		-843.768311
-17.479668		-844.867859
-17.459667		-845.966675
-17.439667		-847.064697
-17.419666		-848.161926
-17.399666		-849.258301
-17.379665		-850.353882
-17.359665		-851.448730
-17.339664		-852.542725
-17.319664		-853.635986
-17.299664		-854.728394
-17.279663		-855.819946
-17.259663		-856.910767
-17.239662		-858.000793
-17.219662		-859.089966
-17.199661		-860.178467
-17.179661		-861.266052
-17.159660		-862.352844
-17.139660		-863.438843
-17.119659		-864.524048
-17.099659		-865.608521
-17.079659		-866.692139
-17.059658		-867.774902
-17.039658		-868.856934
-17.019657		-869.938110
-16.999657		-871.018555
-16.979656		-872.098145
-16.959656		-873.177002
-16.939655		-874.255005
-16.919655		-875.332153
-16.899654		-876.408569
-16.879654		-877.484192
-16.859653		-878.559021
-16.839653		-879.633057
-16.819653		-880.706177
-16.799652		-881.778687
-16.779652		-882.850281
-16.759651		-883.921082
-16.739651		-884.991089
-16.719650		-886.060303
-16.699650		-887.128723
-16.679649		-888.196289
-16.659649		-889.263062
-16.639648		-890.329102
-16.619648		-891.394348
-16.599648		-892.458740
-16.579647		-893.522339
-16.559647		-894.585205
-16.539646		-895.647217
-16.519646		-896.708374
-16.499645		-897.768799
-16.479645		-898.828369
-16.459644		-899.887207
-16.439644		-900.945190
-16.419643		-902.002441
-16.399643		-903.058838
-16.379642		-904.114502
-16.359642		-905.169312
-16.339642		-906.223267
-16.319641		-907.276489
-16.299641		-908.328918
-16.279640		-909.380493
-16.259640		-910.431274
-16.239639		-911.481323
-16.219639		-912.530518
-16.199638		-913.578979
-16.179638		-914.626587
-16.159637		-915.673340
-16.139637		-916.719360
-16.119637		-917.764587
-16.099636		-918.808960
-16.079636		-919.852600
-16.059635		-920.895386
-16.039635		-921.937439
-16.019634		-922.978638
-15.999634		-924.019043
-15.979633		-925.058655
-15.959633		-926.097473
-15.939632		-927.135437
-15.919632		-928.172668
-15.899632		-929.209106
-15.879631		-930.244690
-15.859631		-931.279480
-15.839630		-932.313538
-15.819630		-933.346741
-15.799629		-934.379150
-15.779629		-935.410706
-15.759628		-936.441528
-15.739628		-937.471558
-15.719627		-938.500732
-15.699627		-939.529175
-15.679626		-940.556763
-15.659626		-941.583618
-15.639626		-942.609619
-15.619625		-943.634766
-15.599625		-944.659241
-15.579624		-945.682861
-15.559624		-946.705627
-15.539623		-947.727661
-15.519623		-948.748840
-15.499622		-949.769287
-15.479622		-950.788879
-15.459621		-951.807678
-15.439621		-952.825684
-15.419621		-953.842896
-15.399620		-954.859314
-15.379620		-955.874878
-15.359619		-956.889709
-15.339619		-957.903748
-15.319618		-958.916931
-15.299618		-959.929321
-15.279617		-960.940918
-15.259617		-961.951782
-15.239616		-962.961792
-15.219616		-963.970947
-15.199615		-964.979370
-15.179615		-965.987000
-15.159615		-966.993774
-15.139614		-967.999756
-15.119614		-969.005005
-15.099613		-970.009399
-15.079613		-971.013062
-15.059612		-972.015808
-15.039612		-973.017822
-15.019611		-974.019043
-14.999611		-975.019470
-14.979610		-976.019043
-14.959610		-977.017883
-14.939610		-978.015869
-14.919609		-979.013062
-14.899609		-980.009460
-14.879608		-981.005127
-14.859608		-981.999939
-14.839607		-982.993896
-14.819607		-983.987122
-14.799606		-984.979492
-14.779606		-985.971130
-14.759605		-986.961914
-14.739605		-987.951904
-14.719604		-988.941162
-14.699604		-989.929565
-14.679604		-990.917175
-14.659603		-991.903931
-14.639603		-992.890015
-14.619602		-993.875183
-14.599602		-994.859619
-14.579601		-995.843201
-14.559601		-996.825989
-14.539600		-997.808044
-14.519600		-998.789185
-14.499599		-999.769592
-14.479599		-1000.749268
-14.459599		-1001.728027
-14.439598		-1002.706055
-14.419598		-1003.683228
-14.399597		-1004.659668
-14.379597		-1005.635254
-14.359596		-1006.610107
-14.339596		-1007.584045
-14.319595		-1008.557251
-14.299595		-1009.529724
-14.279594		-1010.501282
-14.259594		-1011.472107
-14.239594		-1012.442139
-14.219593		-1013.411316
-14.199593		-1014.379700
-14.179592		-1015.347290
-14.159592		-1016.314148
-14.139591		-1017.280151
-14.119591		-1018.245361
-14.099590		-1019.209717
-14.079590		-1020.173340
-14.059589		-1021.136169
-14.039589		-1022.098145
-14.019588		-1023.059326
-13.999588		-1024.019775
-13.979588		-1024.979370
-13.959587		-1025.938232
-13.939587		-1026.896240
-13.919586		-1027.853394
-13.899586		-1028.809814
-13.879585		-1029.765381
-13.859585		-1030.720215
-13.839584		-1031.674194
-13.819584		-1032.627441
-13.799583		-1033.579834
-13.779583		-1034.531494
-13.759583		-1035.482178
-13.739582		-1036.432251
-13.719582		-1037.381470
-13.699581		-1038.329834
-13.679581		-1039.277466
-13.659580		-1040.224243
-13.639580		-1041.170288
-13.619579		-1042.115479
-13.599579		-1043.059814
-13.579578		-1044.003418
-13.559578		-1044.946289
-13.539577		-1045.888306
-13.519577		-1046.829468
-13.499577		-1047.769897
-13.479576		-1048.709473
-13.459576		-1049.648315
-13.439575		-1050.586304
-13.419575		-1051.523560
-13.399574		-1052.459961
-13.379574		-1053.395508
-13.359573		-1054.330322
-13.339573		-1055.264404
-13.319572		-1056.197510
-13.299572		-1057.129883
-13.279572		-1058.061523
-13.259571		-1058.992432
-13.239571		-1059.922363
-13.219570		-1060.851562
-13.199570		-1061.780029
-13.179569		-1062.707520
-13.159569		-1063.634399
-13.139568		-1064.560303
-13.119568		-1065.485596
-13.099567		-1066.410034
-13.079567		-1067.333618
-13.059566		-1068.256348
-13.039566		-1069.178467
-13.019566		-1070.099609
-12.999565		-1071.020020
-12.979565		-1071.939575
-12.959564		-1072.858398
-12.939564		-1073.776367
-12.919563		-1074.693604
-12.899563		-1075.609985
-12.879562		-1076.525635
-12.859562		-1077.440430
-12.839561		-1078.354492
-12.819561		-1079.267578
-12.799561		-1080.180054
-12.779560		-1081.091675
-12.759560		-1082.002441
-12.739559		-1082.912476
-12.719559		-1083.821655
-12.699558		-1084.729980
-12.679558		-1085.637695
-12.659557		-1086.544434
-12.639557		-1087.450439
-12.619556		-1088.355713
-12.599556		-1089.260010
-12.579556		-1090.163696
-12.559555		-1091.066406
-12.539555		-1091.968506
-12.519554		-1092.869629
-12.499554		-1093.770020
-12.479553		-1094.669678
-12.459553		-1095.568481
-12.439552		-1096.466553
-12.419552		-1097.363770
-12.399551		-1098.260132
-12.379551		-1099.155762
-12.359550		-1100.050537
-12.339550		-1100.944580
-12.319550		-1101.837646
-12.299549		-1102.730103
-12.279549		-1103.621704
-12.259548		-1104.512451
-12.239548		-1105.402588
-12.219547		-1106.291748
-12.199547		-1107.180176
-12.179546		-1108.067749
-12.159546		-1108.954590
-12.139545		-1109.840576
-12.119545		-1110.725708
-12.099545		-1111.610107
-12.079544		-1112.493652
-12.059544		-1113.376465
-12.039543		-1114.258545
-12.019543		-1115.139771
-11.999542		-1116.020142
-11.979542		-1116.899780
-11.959541		-1117.778564
-11.939541		-1118.656494
-11.919540		-1119.533691
-11.899540		-1120.410156
-11.879539		-1121.285767
-11.859539		-1122.160522
-11.839539		-1123.034546
-11.819538		-1123.907715
-11.799538		-1124.780151
-11.779537		-1125.651733
-11.759537		-1126.522583
-11.739536		-1127.392578
-11.719536		-1128.261719
-11.699535		-1129.130127
-11.679535		-1129.997803
-11.659534		-1130.864502
-11.639534		-1131.730591
-11.619534		-1132.595703
-11.599533		-1133.460205
-11.579533		-1134.323730
-11.559532		-1135.186523
-11.539532		-1136.048584
-11.519531		-1136.909790
-11.499531		-1137.770142
-11.479530		-1138.629761
-11.459530		-1139.488525
-11.439529		-1140.346558
-11.419529		-1141.203857
-11.399529		-1142.060181
-11.379528		-1142.915771
-11.359528		-1143.770508
-11.339527		-1144.624512
-11.319527		-1145.477783
-11.299526		-1146.330200
-11.279526		-1147.181763
-11.259525		-1148.032593
-11.239525		-1148.882568
-11.219524		-1149.731812
-11.199524		-1150.580200
-11.179523		-1151.427734
-11.159523		-1152.274658
-11.139523		-1153.120605
-11.119522		-1153.965820
-11.099522		-1154.810181
-11.079521		-1155.653809
-11.059521		-1156.496582
-11.039520		-1157.338623
-11.019520		-1158.179810
-10.999519		-1159.020264
-10.979519		-1159.859863
-10.959518		-1160.698608
-10.939518		-1161.536621
-10.919518		-1162.373779
-10.899517		-1163.210205
-10.879517		-1164.045776
-10.859516		-1164.880615
-10.839516		-1165.714600
-10.819515		-1166.547852
-10.799515		-1167.380127
-10.779514		-1168.211792
-10.759514		-1169.042603
-10.739513		-1169.872559
-10.719513		-1170.701782
-10.699512		-1171.530151
-10.679512		-1172.357788
-10.659512		-1173.184570
-10.639511		-1174.010620
-10.619511		-1174.835815
-10.599510		-1175.660156
-10.579510		-1176.483765
-10.559509		-1177.306641
-10.539509		-1178.128540
-10.519508		-1178.949707
-10.499508		-1179.770142
-10.479507		-1180.589844
-10.459507		-1181.408569
-10.439507		-1182.226562
-10.419506		-1183.043701
-10.399506		-1183.860107
-10.379505		-1184.675781
-10.359505		-1185.490601
-10.339504		-1186.304565
-10.319504		-1187.117798
-10.299503		-1187.930176
-10.279503		-1188.741699
-10.259502		-1189.552490
-10.239502		-1190.362549
-10.219501		-1191.171753
-10.199501		-1191.980225
-10.179501		-1192.787720
-10.159500		-1193.594482
-10.139500		-1194.400513
-10.119499		-1195.205811
-10.099499		-1196.010132
-10.079498		-1196.813721
-10.059498		-1197.616577
-10.039497		-1198.418579
-10.019497		-1199.219727
-9.999496		-1200.020142
-9.979496		-1200.819702
-9.959496		-1201.618530
-9.939495		-1202.416504
-9.919495		-1203.213745
-9.899494		-1204.010132
-9.879494		-1204.805664
-9.859493		-1205.600586
-9.839493		-1206.394531
-9.819492		-1207.187744
-9.799492		-1207.980103
-9.779491		-1208.771729
-9.759491		-1209.562500
-9.739491		-1210.352539
-9.719490		-1211.141724
-9.699490		-1211.930176
-9.679489		-1212.717773
-9.659489		-1213.504517
-9.639488		-1214.290527
-9.619488		-1215.075684
-9.599487		-1215.860107
-9.579487		-1216.643677
-9.559486		-1217.426514
-9.539486		-1218.208496
-9.519485		-1218.989746
-9.499485		-1219.770020
-9.479485		-1220.549683
-9.459484		-1221.328491
-9.439484		-1222.106445
-9.419483		-1222.883667
-9.399483		-1223.660034
-9.379482		-1224.435669
-9.359482		-1225.210449
-9.339481		-1225.984497
-9.319481		-1226.757690
-9.299480		-1227.530029
-9.279480		-1228.301636
-9.259480		-1229.072510
-9.239479		-1229.842407
-9.219479		-1230.611572
-9.199478		-1231.380005
-9.179478		-1232.147705
-9.159477		-1232.914429
-9.139477		-1233.680420
-9.119476		-1234.445557
-9.099476		-1235.209961
-9.079475		-1235.973633
-9.059475		-1236.736450
-9.039474		-1237.498413
-9.019474		-1238.259644
-8.999474		-1239.020020
-8.979473		-1239.779541
-8.959473		-1240.538330
-8.939472		-1241.296387
-8.919472		-1242.053589
-8.899471		-1242.810059
-8.879471		-1243.565552
-8.859470		-1244.320312
-8.839470		-1245.074341
-8.819469		-1245.827637
-8.799469		-1246.579956
-8.779469		-1247.331543
-8.759468		-1248.082397
-8.739468		-1248.832397
-8.719467		-1249.581543
-8.699467		-1250.329956
-8.679466		-1251.077515
-8.659466		-1251.824341
-8.639465		-1252.570312
-8.619465		-1253.315552
-8.599464		-1254.059937
-8.579464		-1254.803467
-8.559464		-1255.546387
-8.539463		-1256.288330
-8.519463		-1257.029541
-8.499462		-1257.769897
-8.479462		-1258.509521
-8.459461		-1259.248291
-8.439461		-1259.986328
-8.419460		-1260.723511
-8.399460		-1261.459839
-8.379459		-1262.195435
-8.359459		-1262.930298
-8.339458		-1263.664307
-8.319458		-1264.397461
-8.299458		-1265.129883
-8.279457		-1265.861450
-8.259457		-1266.592285
-8.239456		-1267.322266
-8.219456		-1268.051392
-8.199455		-1268.779785
-8.179455		-1269.507446
-8.159454		-1270.234253
-8.139454		-1270.960205
-8.119453		-1271.685425
-8.099453		-1272.409790
-8.079453		-1273.133423
-8.059452		-1273.856201
-8.039452		-1274.578125
-8.019451		-1275.299316
-7.999451		-1276.019775
-7.979451		-1276.739380
-7.959451		-1277.458130
-7.939451		-1278.176025
-7.919451		-1278.893311
-7.899451		-1279.609619
-7.879451		-1280.325195
-7.859451		-1281.040039
-7.839451		-1281.753906
-7.819451		-1282.467163
-7.799451		-1283.179565
-7.779451		-1283.891113
-7.759451		-1284.601929
-7.739451		-1285.311890
-7.719451		-1286.020996
-7.699451		-1286.729370
-7.679451		-1287.437012
-7.659451		-1288.143799
-7.639452		-1288.849731
-7.619452		-1289.554932
-7.599452		-1290.259277
-7.579452		-1290.962891
-7.559452		-1291.665649
-7.539452		-1292.367676
-7.519452		-1293.068848
-7.499452		-1293.769165
-7.479452		-1294.468750
-7.459452		-1295.167603
-7.439452		-1295.865479
-7.419452		-1296.562744
-7.399452		-1297.259033
-7.379452		-1297.954590
-7.359452		-1298.649414
-7.339452		-1299.343384
-7.319452		-1300.036621
-7.299452		-1300.729004
-7.279452		-1301.420532
-7.259452		-1302.111328
-7.239452		-1302.801270
-7.219452		-1303.490479
-7.199452		-1304.178833
-7.179452		-1304.866455
-7.159452		-1305.553223
-7.139452		-1306.239258
-7.119452		-1306.924316
-7.099452		-1307.608765
-7.079452		-1308.292358
-7.059452		-1308.975098
-7.039452		-1309.657104
-7.019452		-1310.338257
-6.999452		-1311.018677
-6.979452		-1311.698242
-6.959452		-1312.376953
-6.939452		-1313.054932
-6.919452		-1313.732178
-6.899452		-1314.408447
-6.879452		-1315.084106
-6.859452		-1315.758911
-6.839452		-1316.432861
-6.819452		-1317.106079
-6.799452		-1317.778442
-6.779452		-1318.449951
-6.759452		-1319.120728
-6.739452		-1319.790771
-6.719452		-1320.459961
-6.699452		-1321.128296
-6.679452		-1321.795898
-6.659452		-1322.462646
-6.639452		-1323.128662
-6.619452		-1323.793823
-6.599452		-1324.458252
-6.579453		-1325.121704
-6.559453		-1325.784546
-6.539453		-1326.446533
-6.519453		-1327.107666
-6.499453		-1327.768066
-6.479453		-1328.427612
-6.459453		-1329.086426
-6.439453		-1329.744385
-6.419453		-1330.401611
-6.399453		-1331.057983
-6.379453		-1331.713501
-6.359453		-1332.368286
-6.339453		-1333.022217
-6.319453		-1333.675415
-6.299453		-1334.327881
-6.279453		-1334.979370
-6.259453		-1335.630127
-6.239453		-1336.280151
-6.219453		-1336.929321
-6.199453		-1337.577759
-6.179453		-1338.225342
-6.159453		-1338.872070
-6.139453		-1339.518066
-6.119453		-1340.163208
-6.099453		-1340.807617
-6.079453		-1341.451172
-6.059453		-1342.093994
-6.039453		-1342.735962
-6.019453		-1343.377075
-5.999453		-1344.017456
-5.979453		-1344.657104
-5.959453		-1345.295898
-5.939453		-1345.933838
-5.919453		-1346.571045
-5.899453		-1347.207397
-5.879453		-1347.843018
-5.859453		-1348.477783
-5.839453		-1349.111694
-5.819453		-1349.744873
-5.799453		-1350.377319
-5.779453		-1351.008789
-5.759453		-1351.639648
-5.739453		-1352.269653
-5.719453		-1352.898804
-5.699453		-1353.527100
-5.679453		-1354.154785
-5.659453		-1354.781494
-5.639453		-1355.407471
-5.619453		-1356.032715
-5.599453		-1356.657104
-5.579453		-1357.280640
-5.559453		-1357.903442
-5.539454		-1358.525391
-5.519454		-1359.146606
-5.499454		-1359.766968
-5.479454		-1360.386475
-5.459454		-1361.005249
-5.439454		-1361.623291
-5.419454		-1362.240479
-5.399454		-1362.856812
-5.379454		-1363.472412
-5.359454		-1364.087158
-5.339454		-1364.701172
-5.319454		-1365.314331
-5.299454		-1365.926758
-5.279454		-1366.538330
-5.259454		-1367.149048
-5.239454		-1367.759033
-5.219454		-1368.368164
-5.199454		-1368.976562
-5.179454		-1369.584229
-5.159454		-1370.190918
-5.139454		-1370.796875
-5.119454		-1371.402100
-5.099454		-1372.006470
-5.079454		-1372.610107
-5.059454		-1373.212891
-5.039454		-1373.814819
-5.019454		-1374.416016
-4.999454		-1375.016357
-4.979454		-1375.615967
-4.959454		-1376.214722
-4.939454		-1376.812744
-4.919454		-1377.409912
-4.899454		-1378.006226
-4.879454		-1378.601807
-4.859454		-1379.196655
-4.839454		-1379.790649
-4.819454		-1380.383789
-4.799454		-1380.976196
-4.779454		-1381.567749
-4.759454		-1382.158447
-4.739454		-1382.748535
-4.719454		-1383.337646
-4.699454		-1383.926025
-4.679454		-1384.513672
-4.659454		-1385.100342
-4.639454		-1385.686401
-4.619454		-1386.271606
-4.599454		-1386.855957
-4.579454		-1387.439453
-4.559454		-1388.022339
-4.539454		-1388.604248
-4.519454		-1389.185425
-4.499454		-1389.765869
-4.479455		-1390.345459
-4.459455		-1390.924194
-4.439455		-1391.502197
-4.419455		-1392.079346
-4.399455		-1392.655762
-4.379455		-1393.231323
-4.359455		-1393.806030
-4.339455		-1394.380005
-4.319455		-1394.953247
-4.299455		-1395.525635
-4.279455		-1396.097168
-4.259455		-1396.667969
-4.239455		-1397.237915
-4.219455		-1397.807129
-4.199455		-1398.375488
-4.179455		-1398.943115
-4.159455		-1399.509888
-4.139455		-1400.075806
-4.119455		-1400.640991
-4.099455		-1401.205322
-4.079455		-1401.768921
-4.059455		-1402.331787
-4.039455		-1402.893677
-4.019455		-1403.454834
-3.999455		-1404.015259
-3.979455		-1404.574829
-3.959455		-1405.133667
-3.939455		-1405.691650
-3.919455		-1406.248779
-3.899455		-1406.805176
-3.879455		-1407.360718
-3.859455		-1407.915527
-3.839455		-1408.469482
-3.819455		-1409.022705
-3.799455		-1409.575073
-3.779455		-1410.126587
-3.759455		-1410.677368
-3.739455		-1411.227417
-3.719455		-1411.776489
-3.699455		-1412.324951
-3.679455		-1412.872559
-3.659455		-1413.419312
-3.639455		-1413.965210
-3.619455		-1414.510498
-3.599455		-1415.054810
-3.579455		-1415.598389
-3.559455		-1416.141113
-3.539455		-1416.683105
-3.519455		-1417.224365
-3.499455		-1417.764648
-3.479455		-1418.304321
-3.459455		-1418.843018
-3.439456		-1419.380981
-3.419456		-1419.918213
-3.399456		-1420.454590
-3.379456		-1420.990112
-3.359456		-1421.524902
-3.339456		-1422.058960
-3.319456		-1422.592041
-3.299456		-1423.124512
-3.279456		-1423.656006
-3.259456		-1424.186768
-3.239456		-1424.716797
-3.219456		-1425.245972
-3.199456		-1425.774414
-3.179456		-1426.302002
-3.159456		-1426.828735
-3.139456		-1427.354736
-3.119456		-1427.879883
-3.099456		-1428.404297
-3.079456		-1428.927856
-3.059456		-1429.450562
-3.039456		-1429.972656
-3.019456		-1430.493774
-2.999456		-1431.014160
-2.979456		-1431.533691
-2.959456		-1432.052490
-2.939456		-1432.570435
-2.919456		-1433.087646
-2.899456		-1433.604004
-2.879456		-1434.119629
-2.859456		-1434.634399
-2.839456		-1435.148315
-2.819456		-1435.661499
-2.799456		-1436.173950
-2.779456		-1436.685547
-2.759456		-1437.196289
-2.739456		-1437.706299
-2.719456		-1438.215454
-2.699456		-1438.723755
-2.679456		-1439.231445
-2.659456		-1439.738159
-2.639456		-1440.244141
-2.619456		-1440.749268
-2.599456		-1441.253662
-2.579456		-1441.757324
-2.559456		-1442.260010
-2.539456		-1442.762085
-2.519456		-1443.263184
-2.499456		-1443.763550
-2.479456		-1444.263184
-2.459456		-1444.761963
-2.439456		-1445.259888
-2.419456		-1445.757080
-2.399457		-1446.253418
-2.379457		-1446.749023
-2.359457		-1447.243774
-2.339457		-1447.737793
-2.319457		-1448.230957
-2.299457		-1448.723389
-2.279457		-1449.214966
-2.259457		-1449.705688
-2.239457		-1450.195679
-2.219457		-1450.684937
-2.199457		-1451.173218
-2.179457		-1451.660889
-2.159457		-1452.147583
-2.139457		-1452.633545
-2.119457		-1453.118774
-2.099457		-1453.603149
-2.079457		-1454.086670
-2.059457		-1454.569458
-2.039457		-1455.051514
-2.019457		-1455.532715
-1.999457		-1456.013062
-1.979457		-1456.492554
-1.959457		-1456.971436
-1.939457		-1457.449341
-1.919457		-1457.926514
-1.899457		-1458.402954
-1.879457		-1458.878540
-1.859457		-1459.353271
-1.839457		-1459.827271
-1.819457		-1460.300415
-1.799457		-1460.772827
-1.779457		-1461.244385
-1.759457		-1461.715210
-1.739457		-1462.185181
-1.719457		-1462.654297
-1.699457		-1463.122681
-1.679457		-1463.590332
-1.659457		-1464.057007
-1.639457		-1464.523071
-1.619457		-1464.988159
-1.599457		-1465.452637
-1.579457		-1465.916138
-1.559457		-1466.378906
-1.539457		-1466.840942
-1.519457		-1467.302124
-1.499457		-1467.762451
-1.479457		-1468.222046
-1.459457		-1468.680786
-1.439457		-1469.138794
-1.419457		-1469.595947
-1.399457		-1470.052368
-1.379457		-1470.507935
-1.359457		-1470.962769
-1.339458		-1471.416748
-1.319458		-1471.869873
-1.299458		-1472.322266
-1.279458		-1472.773804
-1.259458		-1473.224609
-1.239458		-1473.674561
-1.219458		-1474.123779
-1.199458		-1474.572144
-1.179458		-1475.019775
-1.159458		-1475.466553
-1.139458		-1475.912476
-1.119458		-1476.357666
-1.099458		-1476.802002
-1.079458		-1477.245605
-1.059458		-1477.688354
-1.039458		-1478.130371
-1.019458		-1478.571533
-0.999458		-1479.011963
-0.979458		-1479.451538
-0.959458		-1479.890259
-0.939458		-1480.328247
-0.919458		-1480.765381
-0.899458		-1481.201782
-0.879458		-1481.637451
-0.859458		-1482.072144
-0.839458		-1482.506104
-0.819458		-1482.939331
-0.799458		-1483.371704
-0.779458		-1483.803223
-0.759458		-1484.234009
-0.739458		-1484.664062
-0.719458		-1485.093262
-0.699458		-1485.521606
-0.679458		-1485.949219
-0.659458		-1486.375977
-0.639458		-1486.801880
-0.619458		-1487.227051
-0.599458		-1487.651489
-0.579458		-1488.075073
-0.559458		-1488.497803
-0.539458		-1488.919800
-0.519458		-1489.340942
-0.499458		-1489.761353
-0.479458		-1490.180908
-0.459458		-1490.599731
-0.439458		-1491.017700
-0.419458		-1491.434937
-0.399458		-1491.851318
-0.379458		-1492.266846
-0.359458		-1492.681641
-0.339458		-1493.095581
-0.319458		-1493.508789
-0.299458		-1493.921143
-0.279458		-1494.332764
-0.259458		-1494.743530
-0.239458		-1495.153442
-0.219458		-1495.562622
-0.199458		-1495.971069
-0.179458		-1496.378662
-0.159458		-1496.785400
-0.139458		-1497.191406
-0.119458		-1497.596558
-0.099458		-1498.000977
-0.079458		-1498.404541
-0.059458		-1498.807251
-0.039458		-1499.209229
-0.019458		-1499.610474
0.000542		-1500.010864
0.020542		-1500.410400
0.040542		-1500.809204
0.060542		-1501.207153
0.080542		-1501.604370
0.100542		-1502.000732
0.120542		-1502.396362
0.140542		-1502.791138
0.160542		-1503.185059
0.180542		-1503.578247
0.200542		-1503.970581
0.220542		-1504.362183
0.240542		-1504.752930
0.260542		-1505.142944
0.280542		-1505.532104
0.300542		-1505.920532
0.320542		-1506.308105
0.340542		-1506.694824
0.360542		-1507.080811
0.380542		-1507.466064
0.400542		-1507.850464
0.420542		-1508.234009
0.440542		-1508.616821
0.460542		-1508.998779
0.480542		-1509.379883
0.500542		-1509.760254
0.520542		-1510.139893
0.540542		-1510.518677
0.560542		-1510.896606
0.580542		-1511.273804
0.600542		-1511.650146
0.620542		-1512.025757
0.640542		-1512.400513
0.660542		-1512.774536
0.680542		-1513.147705
0.700542		-1513.520020
0.720542		-1513.891602
0.740542		-1514.262451
0.760542		-1514.632446
0.780542		-1515.001587
0.800542		-1515.369995
0.820542		-1515.737549
0.840542		-1516.104370
0.860542		-1516.470337
0.880542		-1516.835449
0.900542		-1517.199829
0.920542		-1517.563477
0.940542		-1517.926270
0.960541		-1518.288208
0.980541		-1518.649414
1.000541		-1519.009766
1.020541		-1519.369385
1.040541		-1519.728149
1.060541		-1520.086060
1.080541		-1520.443237
1.100541		-1520.799683
1.120541		-1521.155273
1.140541		-1521.510010
1.160541		-1521.864014
1.180541		-1522.217163
1.200541		-1522.569580
1.220541		-1522.921143
1.240541		-1523.271851
1.260541		-1523.621826
1.280541		-1523.971069
1.300541		-1524.319458
1.320541		-1524.666992
1.340541		-1525.013794
1.360541		-1525.359741
1.380541		-1525.704956
1.400541		-1526.049316
1.420541		-1526.392822
1.440541		-1526.735718
1.460541		-1527.077637
1.480541		-1527.418823
1.500541		-1527.759155
1.520541		-1528.098755
1.540541		-1528.437500
1.560541		-1528.775513
1.580541		-1529.112671
1.600541		-1529.449097
1.620541		-1529.784668
1.640541		-1530.119385
1.660541		-1530.453369
1.680541		-1530.786621
1.700541		-1531.119019
1.720541		-1531.450562
1.740541		-1531.781372
1.760541		-1532.111328
1.780541		-1532.440430
1.800541		-1532.768921
1.820541		-1533.096436
1.840541		-1533.423218
1.860541		-1533.749146
1.880541		-1534.074341
1.900541		-1534.398804
1.920541		-1534.722290
1.940541		-1535.045166
1.960541		-1535.367065
1.980541		-1535.688232
2.000540		-1536.008667
2.020540		-1536.328247
2.040540		-1536.646973
2.060540		-1536.964966
2.080540		-1537.282104
2.100540		-1537.598511
2.120540		-1537.914062
2.140540		-1538.228882
2.160540		-1538.542847
2.180540		-1538.856079
2.200540		-1539.168457
2.220540		-1539.479980
2.240540		-1539.790771
2.260540		-1540.100708
2.280540		-1540.409912
2.300540		-1540.718262
2.320540		-1541.025879
2.340540		-1541.332642
2.360540		-1541.638672
2.380540		-1541.943848
2.400540		-1542.248169
2.420540		-1542.551758
2.440540		-1542.854614
2.460540		-1543.156494
2.480540		-1543.457764
2.500540		-1543.758057
2.520540		-1544.057617
2.540540		-1544.356445
2.560540		-1544.654419
2.580540		-1544.951660
2.600540		-1545.248047
2.620540		-1545.543579
2.640540		-1545.838379
2.660540		-1546.132324
2.680540		-1546.425537
2.700540		-1546.717896
2.720540		-1547.009521
2.740540		-1547.300293
2.760540		-1547.590210
2.780540		-1547.879395
2.800540		-1548.167725
2.820540		-1548.455322
2.840540		-1548.742188
2.860540		-1549.028076
2.880540		-1549.313232
2.900540		-1549.597656
2.920540		-1549.881226
2.940540		-1550.164062
2.960540		-1550.446045
2.980540		-1550.727173
3.000540		-1551.007568
3.020540		-1551.287109
3.040540		-1551.565918
3.060539		-1551.843872
3.080539		-1552.121094
3.100539		-1552.397461
3.120539		-1552.672974
3.140539		-1552.947754
3.160539		-1553.221802
3.180539		-1553.494995
3.200539		-1553.767334
3.220539		-1554.038940
3.240539		-1554.309692
3.260539		-1554.579712
3.280539		-1554.848877
3.300539		-1555.117188
3.320539		-1555.384766
3.340539		-1555.651611
3.360539		-1555.917603
3.380539		-1556.182739
3.400539		-1556.447144
3.420539		-1556.710693
3.440539		-1556.973511
3.460539		-1557.235474
3.480539		-1557.496582
3.500539		-1557.756958
3.520539		-1558.016602
3.540539		-1558.275391
3.560539		-1558.533325
3.580539		-1558.790527
3.600539		-1559.046875
3.620539		-1559.302490
3.640539		-1559.557251
3.660539		-1559.811279
3.680539		-1560.064453
3.700539		-1560.316772
3.720539		-1560.568359
3.740539		-1560.819092
3.760539		-1561.069092
3.780539		-1561.318359
3.800539		-1561.566650
3.820539		-1561.814209
3.840539		-1562.061035
3.860539		-1562.307007
3.880539		-1562.552246
3.900539		-1562.796631
3.920539		-1563.040161
3.940539		-1563.282959
3.960539		-1563.524902
3.980539		-1563.766113
4.000539		-1564.006470
4.020539		-1564.246094
4.040539		-1564.484863
4.060539		-1564.722778
4.080539		-1564.959961
4.100539		-1565.196289
4.120539		-1565.431885
4.140539		-1565.666748
4.160539		-1565.900635
4.180539		-1566.133911
4.200539		-1566.366211
4.220539		-1566.597778
4.240539		-1566.828613
4.260539		-1567.058594
4.280539		-1567.287720
4.300539		-1567.516113
4.320539		-1567.743652
4.340539		-1567.970459
4.360538		-1568.196533
4.380538		-1568.421631
4.400538		-1568.645996
4.420538		-1568.869629
4.440538		-1569.092407
4.460538		-1569.314331
4.480538		-1569.535522
4.500538		-1569.755859
4.520538		-1569.975464
4.540538		-1570.194336
4.560538		-1570.412231
4.580538		-1570.629395
4.600538		-1570.845825
4.620538		-1571.061401
4.640538		-1571.276123
4.660538		-1571.490112
4.680538		-1571.703369
4.700538		-1571.915771
4.720538		-1572.127319
4.740538		-1572.338013
4.760538		-1572.548096
4.780538		-1572.757202
4.800538		-1572.965576
4.820538		-1573.173218
4.840538		-1573.380005
4.860538		-1573.585938
4.880538		-1573.791138
4.900538		-1573.995483
4.920538		-1574.199097
4.940538		-1574.401855
4.960538		-1574.603760
4.980538		-1574.805054
5.000538		-1575.005371
5.020538		-1575.204956
5.040538		-1575.403687
5.060538		-1575.601685
5.080538		-1575.798828
5.100538		-1575.995239
5.120538		-1576.190796
5.140538		-1576.385620
5.160538		-1576.579590
5.180538		-1576.772827
5.200538		-1576.965210
5.220538		-1577.156738
5.240538		-1577.347534
5.260538		-1577.537476
5.280538		-1577.726685
5.300538		-1577.915039
5.320538		-1578.102661
5.340538		-1578.289429
5.360538		-1578.475342
5.380538		-1578.660522
5.400537		-1578.844971
5.420537		-1579.028564
5.440537		-1579.211304
5.460537		-1579.393311
5.480537		-1579.574463
5.500537		-1579.754883
5.520537		-1579.934448
5.540537		-1580.113159
5.560537		-1580.291138
5.580537		-1580.468384
5.600537		-1580.644775
5.620537		-1580.820312
5.640537		-1580.995117
5.660537		-1581.169067
5.680537		-1581.342285
5.700537		-1581.514648
5.720537		-1581.686157
5.740537		-1581.856934
5.760537		-1582.026978
5.780537		-1582.196167
5.800537		-1582.364502
5.820537		-1582.532104
5.840537		-1582.698853
5.860537		-1582.864868
5.880537		-1583.030029
5.900537		-1583.194458
5.920537		-1583.358032
5.940537		-1583.520752
5.960537		-1583.682739
5.980537		-1583.843872
6.000537		-1584.004272
6.020537		-1584.163818
6.040537		-1584.322632
6.060537		-1584.480591
6.080537		-1584.637817
6.100537		-1584.794189
6.120537		-1584.949707
6.140537		-1585.104492
6.160537		-1585.258545
6.180537		-1585.411743
6.200537		-1585.564087
6.220537		-1585.715698
6.240537		-1585.866455
6.260537		-1586.016357
6.280537		-1586.165527
6.300537		-1586.313965
6.320537		-1586.461548
6.340537		-1586.608276
6.360537		-1586.754272
6.380537		-1586.899536
6.400537		-1587.043823
6.420537		-1587.187500
6.440536		-1587.330200
6.460536		-1587.472168
6.480536		-1587.613403
6.500536		-1587.753784
6.520536		-1587.893311
6.540536		-1588.032104
6.560536		-1588.170044
6.580536		-1588.307251
6.600536		-1588.443604
6.620536		-1588.579224
6.640536		-1588.713989
6.660536		-1588.848022
6.680536		-1588.981201
6.700536		-1589.113525
6.720536		-1589.245117
6.740536		-1589.375854
6.760536		-1589.505859
6.780536		-1589.635010
6.800536		-1589.763428
6.820536		-1589.890991
6.840536		-1590.017822
6.860536		-1590.143799
6.880536		-1590.268921
6.900536		-1590.393311
6.920536		-1590.516846
6.940536		-1590.639648
6.960536		-1590.761719
6.980536		-1590.882812
7.000536		-1591.003174
7.020536		-1591.122803
7.040536		-1591.241577
7.060536		-1591.359619
7.080536		-1591.476685
7.100536		-1591.593140
7.120536		-1591.708740
7.140536		-1591.823486
7.160536		-1591.937500
7.180536		-1592.050659
7.200536		-1592.162964
7.220536		-1592.274536
7.240536		-1592.385376
7.260536		-1592.495361
7.280536		-1592.604492
7.300536		-1592.712891
7.320536		-1592.820435
7.340536		-1592.927246
7.360536		-1593.033203
7.380536		-1593.138428
7.400536		-1593.242798
7.420536		-1593.346313
7.440536		-1593.449097
7.460536		-1593.551147
7.480536		-1593.652344
7.500535		-1593.752686
7.520535		-1593.852295
7.540535		-1593.951050
7.560535		-1594.049072
7.580535		-1594.146240
7.600535		-1594.242554
7.620535		-1594.338135
7.640535		-1594.432861
7.660535		-1594.526855
7.680535		-1594.620117
7.700535		-1594.712402
7.720535		-1594.804077
7.740535		-1594.894775
7.760535		-1594.984863
7.780535		-1595.073975
7.800535		-1595.162354
7.820535		-1595.250000
7.840535		-1595.336670
7.860535		-1595.422729
7.880535		-1595.507812
7.900535		-1595.592285
7.920535		-1595.675781
7.940535		-1595.758545
7.960535		-1595.840576
7.980535		-1595.921753
8.000535		-1596.002197
8.020535		-1596.081665
8.040536		-1596.160522
8.060536		-1596.238525
8.080537		-1596.315674
8.100537		-1596.392090
8.120538		-1596.467651
8.140538		-1596.542358
8.160539		-1596.616333
8.180539		-1596.689575
8.200540		-1596.761963
8.220540		-1596.833496
8.240541		-1596.904297
8.260541		-1596.974243
8.280541		-1597.043457
8.300542		-1597.111816
8.320542		-1597.179443
8.340543		-1597.246216
8.360543		-1597.312134
8.380544		-1597.377319
8.400544		-1597.441772
8.420545		-1597.505371
8.440545		-1597.568115
8.460546		-1597.630127
8.480546		-1597.691284
8.500546		-1597.751587
8.520547		-1597.811279
8.540547		-1597.869995
8.560548		-1597.927979
8.580548		-1597.985107
8.600549		-1598.041504
8.620549		-1598.097168
8.640550		-1598.151855
8.660550		-1598.205811
8.680551		-1598.259033
8.700551		-1598.311401
8.720551		-1598.363037
8.740552		-1598.413818
8.760552		-1598.463745
8.780553		-1598.512939
8.800553		-1598.561279
8.820554		-1598.608887
8.840554		-1598.655640
8.860555		-1598.701660
8.880555		-1598.746826
8.900556		-1598.791260
8.920556		-1598.834839
8.940557		-1598.877563
8.960557		-1598.919556
8.980557		-1598.960693
9.000558		-1599.001099
9.020558		-1599.040649
9.040559		-1599.079468
9.060559		-1599.117432
9.080560		-1599.154663
9.100560		-1599.191040
9.120561		-1599.226562
9.140561		-1599.261353
9.160562		-1599.295288
9.180562		-1599.328491
9.200562		-1599.360840
9.220563		-1599.392456
9.240563		-1599.423218
9.260564		-1599.453247
9.280564		-1599.482422
9.300565		-1599.510742
9.320565		-1599.538330
9.340566		-1599.565186
9.360566		-1599.591064
9.380567		-1599.616333
9.400567		-1599.640625
9.420568		-1599.664307
9.440568		-1599.687012
9.460568		-1599.708984
9.480569		-1599.730225
9.500569		-1599.750610
9.520570		-1599.770142
9.540570		-1599.788940
9.560571		-1599.806885
9.580571		-1599.824097
9.600572		-1599.840454
9.620572		-1599.856079
9.640573		-1599.870850
9.660573		-1599.884766
9.680573		-1599.897949
9.700574		-1599.910400
9.720574		-1599.921875
9.740575		-1599.932739
9.760575		-1599.942627
9.780576		-1599.951904
9.800576		-1599.960205
9.820577		-1599.967773
9.840577		-1599.974609
9.860578		-1599.980591
9.880578		-1599.985718
9.900578		-1599.990112
9.920579		-1599.993652
9.940579		-1599.996460
9.960580		-1599.998413
9.980580		-1599.999634
10.000581		-1600.000000
10.020581		-1599.999512
10.040582		-1599.998291
10.060582		-1599.996338
10.080583		-1599.993530
10.100583		-1599.989868
10.120584		-1599.985474
10.140584		-1599.980225
10.160584		-1599.974243
10.180585		-1599.967407
10.200585		-1599.959717
10.220586		-1599.951294
10.240586		-1599.942139
10.260587		-1599.932129
10.280587		-1599.921265
10.300588		-1599.909668
10.320588		-1599.897217
10.340589		-1599.884033
10.360589		-1599.869995
10.380589		-1599.855103
10.400590		-1599.839478
10.420590		-1599.823120
10.440591		-1599.805908
10.460591		-1599.787842
10.480592		-1599.769043
10.500592		-1599.749390
10.520593		-1599.729004
10.540593		-1599.707764
10.560594		-1599.685791
10.580594		-1599.662964
10.600595		-1599.639282
10.620595		-1599.614868
10.640595		-1599.589600
10.660596		-1599.563599
10.680596		-1599.536743
10.700597		-1599.509155
10.720597		-1599.480713
10.740598		-1599.451538
10.760598		-1599.421509
10.780599		-1599.390625
10.800599		-1599.359009
10.820600		-1599.326660
10.840600		-1599.293335
10.860600		-1599.259399
10.880601		-1599.224487
10.900601		-1599.188965
10.920602		-1599.152466
10.940602		-1599.115234
10.960603		-1599.077271
10.980603		-1599.038452
11.000604		-1598.998779
11.020604		-1598.958374
11.040605		-1598.917114
11.060605		-1598.875122
11.080606		-1598.832275
11.100606		-1598.788696
11.120606		-1598.744263
11.140607		-1598.698975
11.160607		-1598.652954
11.180608		-1598.606201
11.200608		-1598.558594
11.220609		-1598.510132
11.240609		-1598.460938
11.260610		-1598.410889
11.280610		-1598.359985
11.300611		-1598.308350
11.320611		-1598.255981
11.340611		-1598.202759
11.360612		-1598.148682
11.380612		-1598.093872
11.400613		-1598.038330
11.420613		-1597.981812
11.440614		-1597.924561
11.460614		-1597.866577
11.480615		-1597.807739
11.500615		-1597.748169
11.520616		-1597.687744
11.540616		-1597.626465
11.560616		-1597.564453
11.580617		-1597.501709
11.600617		-1597.437988
11.620618		-1597.373535
11.640618		-1597.308350
11.660619		-1597.242310
11.680619		-1597.175537
11.700620		-1597.107910
11.720620		-1597.039429
11.740621		-1596.970215
11.760621		-1596.900146
11.780622		-1596.829346
11.800622		-1596.757812
11.820622		-1596.685303
11.840623		-1596.612061
11.860623		-1596.538086
11.880624		-1596.463257
11.900624		-1596.387573
11.920625		-1596.311157
11.940625		-1596.234009
11.960626		-1596.156006
11.980626		-1596.077148
12.000627		-1595.997437
12.020627		-1595.917114
12.040627		-1595.835815
12.060628		-1595.753784
12.080628		-1595.671021
12.100629		-1595.587402
12.120629		-1595.502930
12.140630		-1595.417725
12.160630		-1595.331665
12.180631		-1595.244873
12.200631		-1595.157227
12.220632		-1595.068848
12.240632		-1594.979614
12.260633		-1594.889526
12.280633		-1594.798706
12.300633		-1594.707031
12.320634		-1594.614624
12.340634		-1594.521484
12.360635		-1594.427368
12.380635		-1594.332520
12.400636		-1594.236938
12.420636		-1594.140503
12.440637		-1594.043335
12.460637		-1593.945312
12.480638		-1593.846436
12.500638		-1593.746826
12.520638		-1593.646362
12.540639		-1593.545166
12.560639		-1593.443115
12.580640		-1593.340332
12.600640		-1593.236694
12.620641		-1593.132202
12.640641		-1593.026978
12.660642		-1592.921021
12.680642		-1592.814209
12.700643		-1592.706543
12.720643		-1592.598145
12.740644		-1592.488892
12.760644		-1592.378906
12.780644		-1592.268066
12.800645		-1592.156372
12.820645		-1592.043945
12.840646		-1591.930786
12.860646		-1591.816650
12.880647		-1591.701904
12.900647		-1591.586182
12.920648		-1591.469849
12.940648		-1591.352539
12.960649		-1591.234619
12.980649		-1591.115723
13.000649		-1590.996094
13.020650		-1590.875732
13.040650		-1590.754395
13.060651		-1590.632446
13.080651		-1590.509644
13.100652		-1590.385986
13.120652		-1590.261475
13.140653		-1590.136230
13.160653		-1590.010254
13.180654		-1589.883423
13.200654		-1589.755859
13.220654		-1589.627441
13.240655		-1589.498169
13.260655		-1589.368164
13.280656		-1589.237305
13.300656		-1589.105713
13.320657		-1588.973267
13.340657		-1588.839966
13.360658		-1588.706055
13.380658		-1588.571167
13.400659		-1588.435547
13.420659		-1588.299072
13.440660		-1588.161865
13.460660		-1588.023804
13.480660		-1587.885010
13.500661		-1587.745361
13.520661		-1587.604980
13.540662		-1587.463745
13.560662		-1587.321655
13.580663		-1587.178833
13.600663		-1587.035278
13.620664		-1586.890747
13.640664		-1586.745605
13.660665		-1586.599487
13.680665		-1586.452759
13.700665		-1586.305054
13.720666		-1586.156616
13.740666		-1586.007446
13.760667		-1585.857422
13.780667		-1585.706543
13.800668		-1585.554932
13.820668		-1585.402466
13.840669		-1585.249268
13.860669		-1585.095215
13.880670		-1584.940430
13.900670		-1584.784790
13.920671		-1584.628418
13.940671		-1584.471069
13.960671		-1584.313110
13.980672		-1584.154297
14.000672		-1583.994629
14.020673		-1583.834229
14.040673		-1583.672974
14.060674		-1583.510986
14.080674		-1583.348145
14.100675		-1583.184448
14.120675		-1583.020020
14.140676		-1582.854736
14.160676		-1582.688721
14.180676		-1582.521973
14.200677		-1582.354370
14.220677		-1582.185913
14.240678		-1582.016602
14.260678		-1581.846680
14.280679		-1581.675781
14.300679		-1581.504150
14.320680		-1581.331787
14.340680		-1581.158447
14.360681		-1580.984497
14.380681		-1580.809570
14.400681		-1580.634033
14.420682		-1580.457520
14.440682		-1580.280396
14.460683		-1580.102295
14.480683		-1579.923462
14.500684		-1579.743896
14.520684		-1579.563477
14.540685		-1579.382202
14.560685		-1579.200195
14.580686		-1579.017334
14.600686		-1578.833740
14.620687		-1578.649292
14.640687		-1578.463989
14.660687		-1578.277954
14.680688		-1578.091187
14.700688		-1577.903564
14.720689		-1577.715088
14.740689		-1577.525879
14.760690		-1577.335815
14.780690		-1577.145020
14.800691		-1576.953369
14.820691		-1576.760986
14.840692		-1576.567749
14.860692		-1576.373657
14.880692		-1576.178833
14.900693		-1575.983154
14.920693		-1575.786743
14.940694		-1575.589600
14.960694		-1575.391479
14.980695		-1575.192627
15.000695		-1574.993042
15.020696		-1574.792603
15.040696		-1574.591431
15.060697		-1574.389404
15.080697		-1574.186523
15.100698		-1573.982910
15.120698		-1573.778442
15.140698		-1573.573242
15.160699		-1573.367188
15.180699		-1573.160400
15.200700		-1572.952759
15.220700		-1572.744263
15.240701		-1572.535034
15.260701		-1572.324951
15.280702		-1572.114258
15.300702		-1571.902588
15.320703		-1571.690186
15.340703		-1571.476929
15.360703		-1571.262817
15.380704		-1571.047974
15.400704		-1570.832397
15.420705		-1570.615967
15.440705		-1570.398682
15.460706		-1570.180664
15.480706		-1569.961914
15.500707		-1569.742188
15.520707		-1569.521851
15.540708		-1569.300537
15.560708		-1569.078491
15.580709		-1568.855713
15.600709		-1568.632080
15.620709		-1568.407593
15.640710		-1568.182373
15.660710		-1567.956299
15.680711		-1567.729492
15.700711		-1567.501953
15.720712		-1567.273438
15.740712		-1567.044189
15.760713		-1566.814209
15.780713		-1566.583374
15.800714		-1566.351685
15.820714		-1566.119263
15.840714		-1565.886108
15.860715		-1565.651978
15.880715		-1565.417236
15.900716		-1565.181519
15.920716		-1564.945068
15.940717		-1564.707886
15.960717		-1564.469849
15.980718		-1564.230957
16.000717		-1563.991455
16.020718		-1563.750977
16.040718		-1563.509766
16.060719		-1563.267700
16.080719		-1563.024902
16.100719		-1562.781250
16.120720		-1562.536743
16.140720		-1562.291504
16.160721		-1562.045532
16.180721		-1561.798706
16.200722		-1561.551025
16.220722		-1561.302612
16.240723		-1561.053345
16.260723		-1560.803345
16.280724		-1560.552490
16.300724		-1560.300903
16.320724		-1560.048462
16.340725		-1559.795166
16.360725		-1559.541138
16.380726		-1559.286377
16.400726		-1559.030762
16.420727		-1558.774292
16.440727		-1558.517090
16.460728		-1558.259033
16.480728		-1558.000122
16.500729		-1557.740479
16.520729		-1557.480103
16.540730		-1557.218872
16.560730		-1556.956787
16.580730		-1556.693970
16.600731		-1556.430420
16.620731		-1556.165894
16.640732		-1555.900635
16.660732		-1555.634644
16.680733		-1555.367798
16.700733		-1555.100098
16.720734		-1554.831787
16.740734		-1554.562500
16.760735		-1554.292480
16.780735		-1554.021606
16.800735		-1553.750000
16.820736		-1553.477539
16.840736		-1553.204346
16.860737		-1552.930298
16.880737		-1552.655518
16.900738		-1552.379883
16.920738		-1552.103394
16.940739		-1551.826172
16.960739		-1551.548096
16.980740		-1551.269287
17.000740		-1550.989624
17.020741		-1550.709229
17.040741		-1550.427979
17.060741		-1550.145996
17.080742		-1549.863037
17.100742		-1549.579468
17.120743		-1549.295044
17.140743		-1549.009766
17.160744		-1548.723755
17.180744		-1548.436890
17.200745		-1548.149292
17.220745		-1547.860840
17.240746		-1547.571533
17.260746		-1547.281494
17.280746		-1546.990723
17.300747		-1546.699097
17.320747		-1546.406616
17.340748		-1546.113403
17.360748		-1545.819336
17.380749		-1545.524536
17.400749		-1545.228882
17.420750		-1544.932495
17.440750		-1544.635254
17.460751		-1544.337158
17.480751		-1544.038330
17.500751		-1543.738770
17.520752		-1543.438232
17.540752		-1543.137085
17.560753		-1542.834961
17.580753		-1542.532227
17.600754		-1542.228516
17.620754		-1541.924072
17.640755		-1541.618896
17.660755		-1541.312744
17.680756		-1541.005981
17.700756		-1540.698364
17.720757		-1540.389893
17.740757		-1540.080688
17.760757		-1539.770630
17.780758		-1539.459839
17.800758		-1539.148193
17.820759		-1538.835693
17.840759		-1538.522461
17.860760		-1538.208496
17.880760		-1537.893555
17.900761		-1537.578003
17.920761		-1537.261475
17.940762		-1536.944336
17.960762		-1536.626221
17.980762		-1536.307373
18.000763		-1535.987793
18.020763		-1535.667358
18.040764		-1535.346191
18.060764		-1535.024048
18.080765		-1534.701172
18.100765		-1534.377686
18.120766		-1534.053223
18.140766		-1533.727905
18.160767		-1533.401855
18.180767		-1533.075073
18.200768		-1532.747437
18.220768		-1532.418945
18.240768		-1532.089722
18.260769		-1531.759766
18.280769		-1531.428833
18.300770		-1531.097168
18.320770		-1530.764771
18.340771		-1530.431519
18.360771		-1530.097534
18.380772		-1529.762695
18.400772		-1529.427002
18.420773		-1529.090576
18.440773		-1528.753418
18.460773		-1528.415283
18.480774		-1528.076416
18.500774		-1527.736816
18.520775		-1527.396362
18.540775		-1527.055176
18.560776		-1526.713135
18.580776		-1526.370361
18.600777		-1526.026611
18.620777		-1525.682129
18.640778		-1525.336914
18.660778		-1524.990967
18.680779		-1524.644043
18.700779		-1524.296387
18.720779		-1523.947998
18.740780		-1523.598755
18.760780		-1523.248779
18.780781		-1522.897949
18.800781		-1522.546265
18.820782		-1522.193848
18.840782		-1521.840576
18.860783		-1521.486572
18.880783		-1521.131714
18.900784		-1520.776123
18.920784		-1520.419678
18.940784		-1520.062378
18.960785		-1519.704346
18.980785		-1519.345459
19.000786		-1518.985840
19.020786		-1518.625366
19.040787		-1518.264160
19.060787		-1517.902100
19.080788		-1517.539307
19.100788		-1517.175659
19.120789		-1516.811279
19.140789		-1516.446045
19.160789		-1516.079956
19.180790		-1515.713135
19.200790		-1515.345459
19.220791		-1514.977051
19.240791		-1514.607788
19.260792		-1514.237793
19.280792		-1513.866943
19.300793		-1513.495239
19.320793		-1513.122803
19.340794		-1512.749512
19.360794		-1512.375488
19.380795		-1512.000732
19.400795		-1511.625000
19.420795		-1511.248535
19.440796		-1510.871338
19.460796		-1510.493408
19.480797		-1510.114502
19.500797		-1509.734863
19.520798		-1509.354370
19.540798		-1508.973145
19.560799		-1508.591064
19.580799		-1508.208252
19.600800		-1507.824707
19.620800		-1507.440186
19.640800		-1507.054932
19.660801		-1506.668945
19.680801		-1506.282104
19.700802		-1505.894531
19.720802		-1505.505981
19.740803		-1505.116699
19.760803		-1504.726685
19.780804		-1504.335938
19.800804		-1503.944214
19.820805		-1503.551758
19.840805		-1503.158569
19.860806		-1502.764526
19.880806		-1502.369629
19.900806		-1501.973999
19.920807		-1501.577637
19.940807		-1501.180420
19.960808		-1500.782349
19.980808		-1500.383423
20.000809		-1499.983887
20.020809		-1499.583374
20.040810		-1499.182129
20.060810		-1498.780029
20.080811		-1498.377197
20.100811		-1497.973633
20.120811		-1497.569214
20.140812		-1497.163940
20.160812		-1496.757935
20.180813		-1496.351074
20.200813		-1495.943359
20.220814		-1495.534912
20.240814		-1495.125732
20.260815		-1494.715698
20.280815		-1494.304810
20.300816		-1493.893188
20.320816		-1493.480713
20.340816		-1493.067505
20.360817		-1492.653442
20.380817		-1492.238647
20.400818		-1491.822998
20.420818		-1491.406494
20.440819		-1490.989258
20.460819		-1490.571289
20.480820		-1490.152344
20.500820		-1489.732788
20.520821		-1489.312378
20.540821		-1488.891113
20.560822		-1488.468994
20.580822		-1488.046265
20.600822		-1487.622559
20.620823		-1487.198120
20.640823		-1486.772949
20.660824		-1486.346924
20.680824		-1485.919922
20.700825		-1485.492310
20.720825		-1485.063965
20.740826		-1484.634644
20.760826		-1484.204590
20.780827		-1483.773804
20.800827		-1483.342163
20.820827		-1482.909668
20.840828		-1482.476440
20.860828		-1482.042358
20.880829		-1481.607544
20.900829		-1481.171875
20.920830		-1480.735474
20.940830		-1480.298218
20.960831		-1479.860229
20.980831		-1479.421387
21.000832		-1478.981689
21.020832		-1478.541260
21.040833		-1478.099976
21.060833		-1477.657959
21.080833		-1477.215088
21.100834		-1476.771484
21.120834		-1476.327026
21.140835		-1475.881836
21.160835		-1475.435791
21.180836		-1474.988892
21.200836		-1474.541260
21.220837		-1474.092773
21.240837		-1473.643555
21.260838		-1473.193481
21.280838		-1472.742676
21.300838		-1472.291016
21.320839		-1471.838623
21.340839		-1471.385376
21.360840		-1470.931274
21.380840		-1470.476562
21.400841		-1470.020874
21.420841		-1469.564331
21.440842		-1469.107178
21.460842		-1468.649170
21.480843		-1468.190186
21.500843		-1467.730591
21.520844		-1467.270142
21.540844		-1466.808960
21.560844		-1466.346924
21.580845		-1465.884033
21.600845		-1465.420410
21.620846		-1464.955933
21.640846		-1464.490723
21.660847		-1464.024658
21.680847		-1463.557861
21.700848		-1463.090210
21.720848		-1462.621704
21.740849		-1462.152466
21.760849		-1461.682373
21.780849		-1461.211670
21.800850		-1460.739990
21.820850		-1460.267456
21.840851		-1459.794189
21.860851		-1459.320190
21.880852		-1458.845337
21.900852		-1458.369629
21.920853		-1457.893311
21.940853		-1457.416016
21.960854		-1456.937988
21.980854		-1456.459106
22.000854		-1455.979492
22.020855		-1455.499023
22.040855		-1455.017822
22.060856		-1454.535767
22.080856		-1454.052979
22.100857		-1453.569336
22.120857		-1453.084839
22.140858		-1452.599609
22.160858		-1452.113525
22.180859		-1451.626709
22.200859		-1451.139038
22.220860		-1450.650635
22.240860		-1450.161377
22.260860		-1449.671387
22.280861		-1449.180420
22.300861		-1448.688721
22.320862		-1448.196289
22.340862		-1447.703125
22.360863		-1447.209106
22.380863		-1446.714233
22.400864		-1446.218506
22.420864		-1445.722168
22.440865		-1445.224854
22.460865		-1444.726807
22.480865		-1444.228027
22.500866		-1443.728394
22.520866		-1443.227905
22.540867		-1442.726685
22.560867		-1442.224609
22.580868		-1441.721802
22.600868		-1441.218140
22.620869		-1440.713623
22.640869		-1440.208496
22.660870		-1439.702393
22.680870		-1439.195557
22.700871		-1438.687866
22.720871		-1438.179443
22.740871		-1437.670166
22.760872		-1437.160156
22.780872		-1436.649292
22.800873		-1436.137695
22.820873		-1435.625244
22.840874		-1435.111938
22.860874		-1434.597900
22.880875		-1434.083008
22.900875		-1433.567383
22.920876		-1433.051025
22.940876		-1432.533691
22.960876		-1432.015625
22.980877		-1431.496826
23.000877		-1430.977173
23.020878		-1430.456787
23.040878		-1429.935547
23.060879		-1429.413452
23.080879		-1428.890625
23.100880		-1428.366943
23.120880		-1427.842529
23.140881		-1427.317261
23.160881		-1426.791260
23.180882		-1426.264404
23.200882		-1425.736694
23.220882		-1425.208252
23.240883		-1424.679077
23.260883		-1424.148926
23.280884		-1423.618164
23.300884		-1423.086426
23.320885		-1422.554077
23.340885		-1422.020752
23.360886		-1421.486816
23.380886		-1420.951904
23.400887		-1420.416260
23.420887		-1419.879761
23.440887		-1419.342529
23.460888		-1418.804443
23.480888		-1418.265625
23.500889		-1417.726074
23.520889		-1417.185547
23.540890		-1416.644287
23.560890		-1416.102295
23.580891		-1415.559326
23.600891		-1415.015747
23.620892		-1414.471313
23.640892		-1413.926025
23.660892		-1413.380005
23.680893		-1412.833252
23.700893		-1412.285522
23.720894		-1411.737061
23.740894		-1411.187744
23.760895		-1410.637695
23.780895		-1410.086914
23.800896		-1409.535278
23.820896		-1408.982788
23.840897		-1408.429565
23.860897		-1407.875488
23.880898		-1407.320679
23.900898		-1406.765015
23.920898		-1406.208496
23.940899		-1405.651367
23.960899		-1405.093262
23.980900		-1404.534424
24.000900		-1403.974854
24.020901		-1403.414307
24.040901		-1402.853149
24.060902		-1402.291016
24.080902		-1401.728271
24.100903		-1401.164551
24.120903		-1400.600098
24.140903		-1400.034912
24.160904		-1399.468750
24.180904		-1398.901978
24.200905		-1398.334351
24.220905		-1397.765869
24.240906		-1397.196533
24.260906		-1396.626587
24.280907		-1396.055664
24.300907		-1395.484131
24.320908		-1394.911621
24.340908		-1394.338379
24.360909		-1393.764282
24.380909		-1393.189453
24.400909		-1392.613770
24.420910		-1392.037354
24.440910		-1391.460083
24.460911		-1390.882080
24.480911		-1390.303223
24.500912		-1389.723633
24.520912		-1389.143066
24.540913		-1388.561768
24.560913		-1387.979736
24.580914		-1387.396973
24.600914		-1386.813354
24.620914		-1386.228760
24.640915		-1385.643555
24.660915		-1385.057617
24.680916		-1384.470703
24.700916		-1383.883057
24.720917		-1383.294678
24.740917		-1382.705322
24.760918		-1382.115356
24.780918		-1381.524414
24.800919		-1380.932861
24.820919		-1380.340332
24.840919		-1379.747070
24.860920		-1379.153076
24.880920		-1378.558228
24.900921		-1377.962646
24.920921		-1377.366089
24.940922		-1376.768799
24.960922		-1376.170776
24.980923		-1375.572021
25.000923		-1374.972290
25.020924		-1374.371826
25.040924		-1373.770630
25.060925		-1373.168579
25.080925		-1372.565674
25.100925		-1371.962036
25.120926		-1371.357666
25.140926		-1370.752441
25.160927		-1370.146240
25.180927		-1369.539429
25.200928		-1368.931885
25.220928		-1368.323364
25.240929		-1367.714111
25.260929		-1367.104004
25.280930		-1366.493164
25.300930		-1365.881592
25.320930		-1365.269043
25.340931		-1364.655762
25.360931		-1364.041748
25.380932		-1363.427002
25.400932		-1362.811279
25.420933		-1362.194824
25.440933		-1361.577637
25.460934		-1360.959473
25.480934		-1360.340698
25.500935		-1359.720947
25.520935		-1359.100586
25.540936		-1358.479248
25.560936		-1357.857300
25.580936		-1357.234375
25.600937		-1356.610840
25.620937		-1355.986328
25.640938		-1355.361084
25.660938		-1354.734985
25.680939		-1354.108154
25.700939		-1353.480469
25.720940		-1352.852051
25.740940		-1352.222778
25.760941		-1351.592773
25.780941		-1350.961914
25.800941		-1350.330200
25.820942		-1349.697754
25.840942		-1349.064453
25.860943		-1348.430420
25.880943		-1347.795654
25.900944		-1347.159912
25.920944		-1346.523560
25.940945		-1345.886230
25.960945		-1345.248291
25.980946		-1344.609375
26.000946		-1343.969727
26.020947		-1343.329346
26.040947		-1342.687988
26.060947		-1342.045898
26.080948		-1341.403076
26.100948		-1340.759521
26.120949		-1340.114990
26.140949		-1339.469727
26.160950		-1338.823730
26.180950		-1338.176880
26.200951		-1337.529297
26.220951		-1336.880737
26.240952		-1336.231445
26.260952		-1335.581543
26.280952		-1334.930542
26.300953		-1334.278931
26.320953		-1333.626465
26.340954		-1332.973267
26.360954		-1332.319214
26.380955		-1331.664307
26.400955		-1331.008667
26.420956		-1330.352295
26.440956		-1329.694946
26.460957		-1329.036865
26.480957		-1328.378052
26.500957		-1327.718506
26.520958		-1327.057983
26.540958		-1326.396729
26.560959		-1325.734619
26.580959		-1325.071777
26.600960		-1324.408081
26.620960		-1323.743652
26.640961		-1323.078369
26.660961		-1322.412354
26.680962		-1321.745605
26.700962		-1321.077881
26.720963		-1320.409424
26.740963		-1319.740234
26.760963		-1319.070068
26.780964		-1318.399170
26.800964		-1317.727539
26.820965		-1317.055176
26.840965		-1316.381836
26.860966		-1315.707764
26.880966		-1315.032959
26.900967		-1314.357422
26.920967		-1313.680908
26.940968		-1313.003662
26.960968		-1312.325562
26.980968		-1311.646729
27.000969		-1310.967041
27.020969		-1310.286621
27.040970		-1309.605347
27.060970		-1308.923340
27.080971		-1308.240479
27.100971		-1307.556763
27.120972		-1306.872314
27.140972		-1306.187012
27.160973		-1305.500977
27.180973		-1304.814209
27.200974		-1304.126465
27.220974		-1303.437988
27.240974		-1302.748779
27.260975		-1302.058716
27.280975		-1301.367920
27.300976		-1300.676270
27.320976		-1299.983887
27.340977		-1299.290527
27.360977		-1298.596436
27.380978		-1297.901611
27.400978		-1297.205933
27.420979		-1296.509521
27.440979		-1295.812256
27.460979		-1295.114258
27.480980		-1294.415283
27.500980		-1293.715698
27.520981		-1293.015259
27.540981		-1292.313965
27.560982		-1291.611816
27.580982		-1290.909058
27.600983		-1290.205322
27.620983		-1289.500977
27.640984		-1288.795654
27.660984		-1288.089600
27.680984		-1287.382812
27.700985		-1286.675171
27.720985		-1285.966675
27.740986		-1285.257324
27.760986		-1284.547363
27.780987		-1283.836548
27.800987		-1283.124878
27.820988		-1282.412354
27.840988		-1281.699219
27.860989		-1280.985107
27.880989		-1280.270264
27.900990		-1279.554565
27.920990		-1278.838135
27.940990		-1278.120850
27.960991		-1277.402832
27.980991		-1276.683960
28.000992		-1275.964355
28.020992		-1275.243896
28.040993		-1274.522461
28.060993		-1273.800537
28.080994		-1273.077637
28.100994		-1272.354004
28.120995		-1271.629639
28.140995		-1270.904297
28.160995		-1270.178223
28.180996		-1269.451416
28.200996		-1268.723633
28.220997		-1267.995239
28.240997		-1267.265991
28.260998		-1266.535889
28.280998		-1265.805176
28.300999		-1265.073486
28.320999		-1264.341064
28.341000		-1263.607666
28.361000		-1262.873657
28.381001		-1262.138794
28.401001		-1261.403076
28.421001		-1260.666748
28.441002		-1259.929443
28.461002		-1259.191406
28.481003		-1258.452515
28.501003		-1257.712891
28.521004		-1256.972412
28.541004		-1256.231201
28.561005		-1255.489136
28.581005		-1254.746338
28.601006		-1254.002686
28.621006		-1253.258057
28.641006		-1252.512939
28.661007		-1251.766846
28.681007		-1251.020020
28.701008		-1250.272217
28.721008		-1249.523926
28.741009		-1248.774658
28.761009		-1248.024536
28.781010		-1247.273682
28.801010		-1246.521973
28.821011		-1245.769531
28.841011		-1245.016357
28.861012		-1244.262207
28.881012		-1243.507324
28.901012		-1242.751709
28.921013		-1241.995361
28.941013		-1241.238037
28.961014		-1240.479980
28.981014		-1239.721191
29.001015		-1238.961426
29.021015		-1238.200928
29.041016		-1237.439697
29.061016		-1236.677734
29.081017		-1235.914795
29.101017		-1235.151123
29.121017		-1234.386719
29.141018		-1233.621460
29.161018		-1232.855347
29.181019		-1232.088501
29.201019		-1231.320801
29.221020		-1230.552490
29.241020		-1229.783203
29.261021		-1229.013062
29.281021		-1228.242188
29.301022		-1227.470581
29.321022		-1226.697998
29.341022		-1225.924805
29.361023		-1225.150879
29.381023		-1224.375977
29.401024		-1223.600342
29.421024		-1222.823730
29.441025		-1222.046631
29.461025		-1221.268555
29.481026		-1220.489624
29.501026		-1219.709961
29.521027		-1218.929443
29.541027		-1218.148193
29.561028		-1217.366211
29.581028		-1216.583252
29.601028		-1215.799683
29.621029		-1215.015259
29.641029		-1214.229980
29.661030		-1213.443848
29.681030		-1212.656982
29.701031		-1211.869385
29.721031		-1211.080933
29.741032		-1210.291626
29.761032		-1209.501587
29.781033		-1208.710693
29.801033		-1207.919067
29.821033		-1207.126587
29.841034		-1206.333374
29.861034		-1205.539307
29.881035		-1204.744507
29.901035		-1203.948730
29.921036		-1203.152344
29.941036		-1202.355103
29.961037		-1201.557007
29.981037		-1200.758057
30.001038		-1199.958496
30.021038		-1199.157959
30.041039		-1198.356812
30.061039		-1197.554688
30.081039		-1196.751831
30.101040		-1195.948242
30.121040		-1195.143677
30.141041		-1194.338379
30.161041		-1193.532471
30.181042		-1192.725586
30.201042		-1191.917969
30.221043		-1191.109375
30.241043		-1190.300171
30.261044		-1189.490112
30.281044		-1188.679199
30.301044		-1187.867554
30.321045		-1187.055176
30.341045		-1186.241943
30.361046		-1185.427856
30.381046		-1184.612915
30.401047		-1183.797363
30.421047		-1182.980835
30.441048		-1182.163574
30.461048		-1181.345459
30.481049		-1180.526611
30.501049		-1179.707031
30.521049		-1178.886475
30.541050		-1178.065186
30.561050		-1177.243164
30.581051		-1176.420410
30.601051		-1175.596680
30.621052		-1174.772217
30.641052		-1173.947021
30.661053		-1173.120850
30.681053		-1172.294067
30.701054		-1171.466309
30.721054		-1170.637939
30.741055		-1169.808594
30.761055		-1168.978516
30.781055		-1168.147705
30.801056		-1167.316162
30.821056		-1166.483643
30.841057		-1165.650391
30.861057		-1164.816284
30.881058		-1163.981445
30.901058		-1163.145752
30.921059		-1162.309326
30.941059		-1161.472046
30.961060		-1160.634033
30.981060		-1159.795166
31.001060		-1158.955566
31.021061		-1158.114990
31.041061		-1157.273682
31.061062		-1156.431641
31.081062		-1155.588867
31.101063		-1154.745117
31.121063		-1153.900635
31.141064		-1153.055420
31.161064		-1152.209473
31.181065		-1151.362549
31.201065		-1150.514893
31.221066		-1149.666382
31.241066		-1148.817139
31.261066		-1147.967041
31.281067		-1147.116211
31.301067		-1146.264526
31.321068		-1145.412109
31.341068		-1144.558838
31.361069		-1143.704834
31.381069		-1142.849854
31.401070		-1141.994141
31.421070		-1141.137695
31.441071		-1140.280518
31.461071		-1139.422363
31.481071		-1138.563599
31.501072		-1137.703857
31.521072		-1136.843506
31.541073		-1135.982178
31.561073		-1135.120117
31.581074		-1134.257324
31.601074		-1133.393555
31.621075		-1132.529175
31.641075		-1131.663818
31.661076		-1130.797852
31.681076		-1129.930908
31.701077		-1129.063232
31.721077		-1128.194824
31.741077		-1127.325562
31.761078		-1126.455566
31.781078		-1125.584717
31.801079		-1124.713013
31.821079		-1123.840576
31.841080		-1122.967285
31.861080		-1122.093262
31.881081		-1121.218262
31.901081		-1120.342651
31.921082		-1119.466187
31.941082		-1118.588867
31.961082		-1117.710938
31.981083		-1116.832031
32.001083		-1115.952393
32.021084		-1115.071777
32.041084		-1114.190552
32.061085		-1113.308472
32.081085		-1112.425659
32.101086		-1111.541992
32.121086		-1110.657593
32.141087		-1109.772217
32.161087		-1108.886230
32.181087		-1107.999268
32.201088		-1107.111694
32.221088		-1106.223267
32.241089		-1105.333984
32.261089		-1104.443970
32.281090		-1103.553101
32.301090		-1102.661377
32.321091		-1101.768799
32.341091		-1100.875732
32.361092		-1099.981567
32.381092		-1099.086670
32.401093		-1098.191040
32.421093		-1097.294556
32.441093		-1096.397339
32.461094		-1095.499268
32.481094		-1094.600342
32.501095		-1093.700684
32.521095		-1092.800293
32.541096		-1091.899048
32.561096		-1090.996948
32.581097		-1090.094116
32.601097		-1089.190430
32.621098		-1088.285889
32.641098		-1087.380615
32.661098		-1086.474609
32.681099		-1085.567749
32.701099		-1084.660034
32.721100		-1083.751587
32.741100		-1082.842407
32.761101		-1081.932373
32.781101		-1081.021484
32.801102		-1080.109863
32.821102		-1079.197266
32.841103		-1078.284058
32.861103		-1077.369995
32.881104		-1076.455078
32.901104		-1075.539429
32.921104		-1074.623047
32.941105		-1073.705811
32.961105		-1072.787598
32.981106		-1071.868896
33.001106		-1070.949097
33.021107		-1070.028687
33.041107		-1069.107422
33.061108		-1068.185303
33.081108		-1067.262451
33.101109		-1066.338867
33.121109		-1065.414307
33.141109		-1064.489014
33.161110		-1063.562988
33.181110		-1062.636108
33.201111		-1061.708496
33.221111		-1060.780029
33.241112		-1059.850708
33.261112		-1058.920654
33.281113		-1057.989746
33.301113		-1057.058105
33.321114		-1056.125610
33.341114		-1055.192383
33.361115		-1054.258301
33.381115		-1053.323486
33.401115		-1052.387817
33.421116		-1051.451416
33.441116		-1050.514160
33.461117		-1049.575928
33.481117		-1048.637085
33.501118		-1047.697510
33.521118		-1046.756958
33.541119		-1045.815796
33.561119		-1044.873657
33.581120		-1043.930664
33.601120		-1042.987061
33.621120		-1042.042725
33.641121		-1041.097412
33.661121		-1040.151367
33.681122		-1039.204468
33.701122		-1038.256836
33.721123		-1037.308350
33.741123		-1036.359131
33.761124		-1035.408936
33.781124		-1034.458252
33.801125		-1033.506470
33.821125		-1032.553955
33.841125		-1031.600708
33.861126		-1030.646729
33.881126		-1029.691772
33.901127		-1028.736084
33.921127		-1027.779785
33.941128		-1026.822510
33.961128		-1025.864258
33.981129		-1024.905396
34.001129		-1023.945801
34.021130		-1022.985352
34.041130		-1022.024048
34.061131		-1021.061951
34.081131		-1020.099182
34.101131		-1019.135437
34.121132		-1018.171021
34.141132		-1017.205688
34.161133		-1016.239624
34.181133		-1015.272827
34.201134		-1014.305176
34.221134		-1013.336609
34.241135		-1012.367371
34.261135		-1011.397278
34.281136		-1010.426392
34.301136		-1009.454834
34.321136		-1008.482300
34.341137		-1007.509033
34.361137		-1006.535034
34.381138		-1005.560120
34.401138		-1004.584412
34.421139		-1003.607971
34.441139		-1002.630737
34.461140		-1001.652588
34.481140		-1000.673828
34.501141		-999.694092
34.521141		-998.713623
34.541142		-997.732361
34.561142		-996.750305
34.581142		-995.767395
34.601143		-994.783691
34.621143		-993.799316
34.641144		-992.814087
34.661144		-991.828003
34.681145		-990.841187
34.701145		-989.853455
34.721146		-988.864929
34.741146		-987.875671
34.761147		-986.885620
34.781147		-985.894775
34.801147		-984.903076
34.821148		-983.910645
34.841148		-982.917358
34.861149		-981.923279
34.881149		-980.928406
34.901150		-979.932800
34.921150		-978.936279
34.941151		-977.938965
34.961151		-976.940918
34.981152		-975.942139
35.001152		-974.942383
35.021152		-973.941956
35.041153		-972.940613
35.061153		-971.938660
35.081154		-970.935669
35.101154		-969.932007
35.121155		-968.927612
35.141155		-967.922363
35.161156		-966.916260
35.181156		-965.909363
35.201157		-964.901672
35.221157		-963.893250
35.241158		-962.883911
35.261158		-961.873901
35.281158		-960.863037
35.301159		-959.851318
35.321159		-958.838867
35.341160		-957.825623
35.361160		-956.811584
35.381161		-955.796692
35.401161		-954.781006
35.421162		-953.764526
35.441162		-952.747314
35.461163		-951.729248
35.481163		-950.710327
35.501163		-949.690613
35.521164		-948.670227
35.541164		-947.648987
35.561165		-946.626831
35.581165		-945.604004
35.601166		-944.580322
35.621166		-943.555908
35.641167		-942.530640
35.661167		-941.504456
35.681168		-940.477600
35.701168		-939.450012
35.721169		-938.421509
35.741169		-937.392212
35.761169		-936.362183
35.781170		-935.331299
35.801170		-934.299683
35.821171		-933.267151
35.841171		-932.233826
35.861172		-931.199768
35.881172		-930.164917
35.901173		-929.129272
35.921173		-928.092773
35.941174		-927.055542
35.961174		-926.017456
35.981174		-924.978577
36.001175		-923.938904
36.021175		-922.898499
36.041176		-921.857178
36.061176		-920.815063
36.081177		-919.772217
36.101177		-918.728516
36.121178		-917.684082
36.141178		-916.638733
36.161179		-915.592712
36.181179		-914.545837
36.201180		-913.498169
36.221180		-912.449707
36.241180		-911.400391
36.261181		-910.350342
36.281181		-909.299561
36.301182		-908.247864
36.321182		-907.195374
36.341183		-906.142151
36.361183		-905.088013
36.381184		-904.033081
36.401184		-902.977539
36.421185		-901.921021
36.441185		-900.863770
36.461185		-899.805603
36.481186		-898.746765
36.501186		-897.687195
36.521187		-896.626587
36.541187		-895.565308
36.561188		-894.503296
36.581188		-893.440430
36.601189		-892.376831
36.621189		-891.312317
36.641190		-890.247009
36.661190		-889.180969
36.681190		-888.114014
36.701191		-887.046387
36.721191		-885.977905
36.741192		-884.908691
36.761192		-883.838623
36.781193		-882.767639
36.801193		-881.695984
36.821194		-880.623596
36.841194		-879.550293
36.861195		-878.476196
36.881195		-877.401367
36.901196		-876.325684
36.921196		-875.249268
36.941196		-874.171936
36.961197		-873.093811
36.981197		-872.014954
37.001198		-870.935303
37.021198		-869.854858
37.041199		-868.773560
37.061199		-867.691528
37.081200		-866.608643
37.101200		-865.524963
37.121201		-864.440491
37.141201		-863.355164
37.161201		-862.269043
37.181202		-861.182251
37.201202		-860.094604
37.221203		-859.006104
37.241203		-857.916870
37.261204		-856.826721
37.281204		-855.735901
37.301205		-854.644226
37.321205		-853.551758
37.341206		-852.458496
37.361206		-851.364380
37.381207		-850.269531
37.401207		-849.173828
37.421207		-848.077332
37.441208		-846.980164
37.461208		-845.882019
37.481209		-844.783081
37.501209		-843.683472
37.521210		-842.583008
37.541210		-841.481812
37.561211		-840.379639
37.581211		-839.276794
37.601212		-838.173157
37.621212		-837.068665
37.641212		-835.963379
37.661213		-834.857300
37.681213		-833.750366
37.701214		-832.642822
37.721214		-831.534302
37.741215		-830.424988
37.761215		-829.314880
37.781216		-828.204041
37.801216		-827.092407
37.821217		-825.979858
37.841217		-824.866577
37.861217		-823.752563
37.881218		-822.637695
37.901218		-821.522034
37.921219		-820.405579
37.941219		-819.288269
37.961220		-818.170166
37.981220		-817.051270
38.001221		-815.931641
38.021221		-814.811157
38.041222		-813.689941
38.061222		-812.567810
38.081223		-811.444885
38.101223		-810.321228
38.121223		-809.196777
38.141224		-808.071533
38.161224		-806.945435
38.181225		-805.818604
38.201225		-804.690918
38.221226		-803.562439
38.241226		-802.433167
38.261227		-801.303040
38.281227		-800.172119
38.301228		-799.040527
38.321228		-797.908081
38.341228		-796.774780
38.361229		-795.640747
38.381229		-794.505798
38.401230		-793.370178
38.421230		-792.233704
38.441231		-791.096313
38.461231		-789.958252
38.481232		-788.819458
38.501232		-787.679810
38.521233		-786.539307
38.541233		-785.398010
38.561234		-784.255920
38.581234		-783.113098
38.601234		-781.969360
38.621235		-780.824951
38.641235		-779.679688
38.661236		-778.533569
38.681236		-777.386719
38.701237		-776.238953
38.721237		-775.090515
38.741238		-773.941223
38.761238		-772.791138
38.781239		-771.640259
38.801239		-770.488647
38.821239		-769.336182
38.841240		-768.182861
38.861240		-767.028748
38.881241		-765.873962
38.901241		-764.718323
38.921242		-763.561768
38.941242		-762.404541
38.961243		-761.246460
38.981243		-760.087524
39.001244		-758.927856
39.021244		-757.767395
39.041245		-756.606140
39.061245		-755.444031
39.081245		-754.281128
39.101246		-753.117432
39.121246		-751.953003
39.141247		-750.787720
39.161247		-749.621704
39.181248		-748.454773
39.201248		-747.287048
39.221249		-746.118591
39.241249		-744.949341
39.261250		-743.779297
39.281250		-742.608398
39.301250		-741.436768
39.321251		-740.264282
39.341251		-739.091003
39.361252		-737.916931
39.381252		-736.742004
39.401253		-735.566284
39.421253		-734.389893
39.441254		-733.212524
39.461254		-732.034546
39.481255		-730.855713
39.501255		-729.675964
39.521255		-728.495422
39.541256		-727.314270
39.561256		-726.132080
39.581257		-724.949219
39.601257		-723.765625
39.621258		-722.581055
39.641258		-721.395874
39.661259		-720.209778
39.681259		-719.022888
39.701260		-717.835144
39.721260		-716.646729
39.741261		-715.457397
39.761261		-714.267334
39.781261		-713.076538
39.801262		-711.884766
39.821262		-710.692322
39.841263		-709.499084
39.861263		-708.304993
39.881264		-707.110107
39.901264		-705.914429
39.921265		-704.717896
39.941265		-703.520630
39.961266		-702.322632
39.981266		-701.123718
40.001266		-699.924011
40.021267		-698.723572
40.041267		-697.522217
40.061268		-696.320190
40.081268		-695.117310
40.101269		-693.913574
40.121269		-692.709229
40.141270		-691.503845
40.161270		-690.297791
40.181271		-689.090881
40.201271		-687.883179
40.221272		-686.674683
40.241272		-685.465454
40.261272		-684.255371
40.281273		-683.044556
40.301273		-681.832825
40.321274		-680.620300
40.341274		-679.407043
40.361275		-678.192993
40.381275		-676.978149
40.401276		-675.762451
40.421276		-674.546021
40.441277		-673.328735
40.461277		-672.110535
40.481277		-670.891785
40.501278		-669.672058
40.521278		-668.451538
40.541279		-667.230225
40.561279		-666.008179
40.581280		-664.785400
40.601280		-663.561646
40.621281		-662.337097
40.641281		-661.111877
40.661282		-659.885803
40.681282		-658.658936
40.701283		-657.431274
40.721283		-656.202759
40.741283		-654.973511
40.761284		-653.743408
40.781284		-652.512512
40.801285		-651.280823
40.821285		-650.048401
40.841286		-648.815063
40.861286		-647.581055
40.881287		-646.346191
40.901287		-645.110474
40.921288		-643.874023
40.941288		-642.636658
40.961288		-641.398621
40.981289		-640.159729
41.001289		-638.920044
41.021290		-637.679565
41.041290		-636.438354
41.061291		-635.196289
41.081291		-633.953369
41.101292		-632.709656
41.121292		-631.465149
41.141293		-630.219910
41.161293		-628.973755
41.181293		-627.726929
41.201294		-626.479248
41.221294		-625.230835
41.241295		-623.981567
41.261295		-622.731384
41.281296		-621.480530
41.301296		-620.228821
41.321297		-618.976318
41.341297		-617.723022
41.361298		-616.468994
41.381298		-615.214111
41.401299		-613.958496
41.421299		-612.701965
41.441299		-611.444641
41.461300		-610.186584
41.481300		-608.927734
41.501301		-607.668091
41.521301		-606.407593
41.541302		-605.146240
41.561302		-603.884277
41.581303		-602.621277
41.601303		-601.357605
41.621304		-600.093201
41.641304		-598.827881
41.661304		-597.561768
41.681305		-596.294922
41.701305		-595.027222
41.721306		-593.758789
41.741306		-592.489441
41.761307		-591.219421
41.781307		-589.948547
41.801308		-588.676758
41.821308		-587.404297
41.841309		-586.131104
41.861309		-584.857056
41.881310		-583.582153
41.901310		-582.306458
41.921310		-581.029968
41.941311		-579.752625
41.961311		-578.474487
41.981312		-577.195679
42.001312		-575.916016
42.021313		-574.635498
42.041313		-573.354248
42.061314		-572.072205
42.081314		-570.789246
42.101315		-569.505676
42.121315		-568.221069
42.141315		-566.935791
42.161316		-565.649780
42.181316		-564.362915
42.201317		-563.075195
42.221317		-561.786682
42.241318		-560.497375
42.261318		-559.207336
42.281319		-557.916382
42.301319		-556.624756
42.321320		-555.332275
42.341320		-554.039062
42.361320		-552.744995
42.381321		-551.450012
42.401321		-550.154358
42.421322		-548.857849
42.441322		-547.560547
42.461323		-546.262451
42.481323		-544.963623
42.501324		-543.663940
42.521324		-542.363525
42.541325		-541.062195
42.561325		-539.760071
42.581326		-538.457214
42.601326		-537.153564
42.621326		-535.848999
42.641327		-534.543823
42.661327		-533.237671
42.681328		-531.930786
42.701328		-530.623108
42.721329		-529.314636
42.741329		-528.005432
42.761330		-526.695190
42.781330		-525.384399
42.801331		-524.072754
42.821331		-522.760254
42.841331		-521.447021
42.861332		-520.132874
42.881332		-518.817932
42.901333		-517.502258
42.921333		-516.185791
42.941334		-514.868530
42.961334		-513.550415
42.981335		-512.231567
43.001335		-510.911865
43.021336		-509.591370
43.041336		-508.270081
43.061337		-506.948059
43.081337		-505.625122
43.101337		-504.301392
43.121338		-502.976929
43.141338		-501.651733
43.161339		-500.325684
43.181339		-498.998718
43.201340		-497.671082
43.221340		-496.342590
43.241341		-495.013184
43.261341		-493.683228
43.281342		-492.352295
43.301342		-491.020630
43.321342		-489.688110
43.341343		-488.354797
43.361343		-487.020813
43.381344		-485.685852
43.401344		-484.350220
43.421345		-483.013672
43.441345		-481.676392
43.461346		-480.338379
43.481346		-478.999512
43.501347		-477.659729
43.521347		-476.319275
43.541348		-474.978027
43.561348		-473.635864
43.581348		-472.292969
43.601349		-470.949341
43.621349		-469.604858
43.641350		-468.259644
43.661350		-466.913574
43.681351		-465.566650
43.701351		-464.218994
43.721352		-462.870361
43.741352		-461.521118
43.761353		-460.171021
43.781353		-458.820190
43.801353		-457.468506
43.821354		-456.115967
43.841354		-454.762695
43.861355		-453.408691
43.881355		-452.053711
43.901356		-450.698120
43.921356		-449.341553
43.941357		-447.984375
43.961357		-446.626221
43.981358		-445.267334
44.001358		-443.907715
44.021358		-442.547119
44.041359		-441.185791
44.061359		-439.823730
44.081360		-438.460938
44.101360		-437.097290
44.121361		-435.732788
44.141361		-434.367432
44.161362		-433.001465
44.181362		-431.634521
44.201363		-430.266724
44.221363		-428.898315
44.241364		-427.529053
44.261364		-426.158936
44.281364		-424.788086
44.301365		-423.416260
44.321365		-422.043945
44.341366		-420.670654
44.361366		-419.296509
44.381367		-417.921631
44.401367		-416.545898
44.421368		-415.169434
44.441368		-413.792236
44.461369		-412.414062
44.481369		-411.035156
44.501369		-409.655518
44.521370		-408.275024
44.541370		-406.893677
44.561371		-405.511597
44.581371		-404.128784
44.601372		-402.745117
44.621372		-401.360596
44.641373		-399.975342
44.661373		-398.589111
44.681374		-397.202271
44.701374		-395.814575
44.721375		-394.426147
44.741375		-393.036865
44.761375		-391.646851
44.781376		-390.255859
44.801376		-388.864258
44.821377		-387.471680
44.841377		-386.078369
44.861378		-384.684326
44.881378		-383.289429
44.901379		-381.893799
44.921379		-380.497314
44.941380		-379.100098
44.961380		-377.701904
44.981380		-376.302979
45.001381		-374.903320
45.021381		-373.502808
45.041382		-372.101562
45.061382		-370.699463
45.081383		-369.296631
45.101383		-367.892822
45.121384		-366.488525
45.141384		-365.083252
45.161385		-363.677002
45.181385		-362.270142
45.201385		-360.862427
45.221386		-359.453979
45.241386		-358.044678
45.261387		-356.634521
45.281387		-355.223633
45.301388		-353.812012
45.321388		-352.399414
45.341389		-350.986206
45.361389		-349.572266
45.381390		-348.157349
45.401390		-346.741699
45.421391		-345.324951
45.441391		-343.907959
45.461391		-342.489746
45.481392		-341.070679
45.501392		-339.651123
45.521393		-338.230591
45.541393		-336.809326
45.561394		-335.387329
45.581394		-333.964355
45.601395		-332.540527
45.621395		-331.116211
45.641396		-329.690918
45.661396		-328.264771
45.681396		-326.837891
45.701397		-325.410278
45.721397		-323.981689
45.741398		-322.552490
45.761398		-321.122559
45.781399		-319.691406
45.801399		-318.259888
45.821400		-316.827393
45.841400		-315.393921
45.861401		-313.959961
45.881401		-312.525024
45.901402		-311.089355
45.921402		-309.652832
45.941402		-308.215576
45.961403		-306.777588
45.981403		-305.338501
46.001404		-303.898926
46.021404		-302.458374
46.041405		-301.017090
46.061405		-299.574951
46.081406		-298.132324
46.101406		-296.688477
46.121407		-295.244019
46.141407		-293.798584
46.161407		-292.352661
46.181408		-290.905762
46.201408		-289.458130
46.221409		-288.009521
46.241409		-286.560303
46.261410		-285.110352
46.281410		-283.659180
46.301411		-282.207642
46.321411		-280.755127
46.341412		-279.301880
46.361412		-277.847656
46.381413		-276.392822
46.401413		-274.937256
46.421413		-273.480713
46.441414		-272.023315
46.461414		-270.565186
46.481415		-269.106323
46.501415		-267.646729
46.521416		-266.186157
46.541416		-264.724854
46.561417		-263.262695
46.581417		-261.800049
46.601418		-260.336182
46.621418		-258.871704
46.641418		-257.406494
46.661419		-255.940308
46.681419		-254.473389
46.701420		-253.005615
46.721420		-251.537354
46.741421		-250.067871
46.761421		-248.597778
46.781422		-247.126953
46.801422		-245.655396
46.821423		-244.182861
46.841423		-242.709595
46.861423		-241.235596
46.881424		-239.760498
46.901424		-238.284912
46.921425		-236.808350
46.941425		-235.331177
46.961426		-233.853027
46.981426		-232.374146
47.001427		-230.894531
47.021427		-229.413818
47.041428		-227.932617
47.061428		-226.450439
47.081429		-224.967651
47.101429		-223.483887
47.121429		-221.999390
47.141430		-220.514160
47.161430		-219.028198
47.181431		-217.541260
47.201431		-216.053467
47.221432		-214.565186
47.241432		-213.075684
47.261433		-211.585571
47.281433		-210.094727
47.301434		-208.603149
47.321434		-207.110596
47.341434		-205.617188
47.361435		-204.123291
47.381435		-202.628174
47.401436		-201.132446
47.421436		-199.635986
47.441437		-198.138794
47.461437		-196.640625
47.481438		-195.141968
47.501438		-193.642090
47.521439		-192.141602
47.541439		-190.640381
47.561440		-189.138184
47.581440		-187.635376
47.601440		-186.131592
47.621441		-184.627319
47.641441		-183.121826
47.661442		-181.615723
47.681442		-180.108887
47.701443		-178.601074
47.721443		-177.092651
47.741444		-175.583496
47.761444		-174.073364
47.781445		-172.562500
47.801445		-171.050903
47.821445		-169.538330
47.841446		-168.024902
47.861446		-166.510986
47.881447		-164.995850
47.901447		-163.480347
47.921448		-161.963867
47.941448		-160.446411
47.961449		-158.928467
47.981449		-157.409424
48.001450		-155.889893
48.021450		-154.369385
48.041451		-152.848022
48.061451		-151.325928
48.081451		-149.803101
48.101452		-148.279297
48.121452		-146.755005
48.141453		-145.229736
48.161453		-143.703369
48.181454		-142.176758
48.201454		-140.648926
48.221455		-139.120483
48.241455		-137.591064
48.261456		-136.061157
48.281456		-134.530273
48.301456		-132.998291
48.321457		-131.466064
48.341457		-129.932617
48.361458		-128.398560
48.381458		-126.863525
48.401459		-125.328003
48.421459		-123.791504
48.441460		-122.254272
48.461460		-120.716064
48.481461		-119.177246
48.501461		-117.637695
48.521461		-116.096924
48.541462		-114.555786
48.561462		-113.013672
48.581463		-111.470825
48.601463		-109.927002
48.621464		-108.382568
48.641464		-106.837402
48.661465		-105.291016
48.681465		-103.744263
48.701466		-102.196533
48.721466		-100.648071
48.741467		-99.098877
48.761467		-97.548706
48.781467		-95.997803
48.801468		-94.446045
48.821468		-92.893555
48.841469		-91.340332
48.861469		-89.786255
48.881470		-88.231201
48.901470		-86.675659
48.921471		-85.119141
48.941471		-83.561768
48.961472		-82.003906
48.981472		-80.444824
49.001472		-78.885132
49.021473		-77.324707
49.041473		-75.763306
49.061474		-74.201172
49.081474		-72.638306
49.101475		-71.074707
49.121475		-69.510010
49.141476		-67.945068
49.161476		-66.378662
49.181477		-64.811890
49.201477		-63.244141
49.221478		-61.675659
49.241478		-60.106445
49.261478		-58.536133
49.281479		-56.965576
49.301479		-55.393555
49.321480		-53.821167
49.341480		-52.247803
49.361481		-50.673950
49.381481		-49.098877
49.401482		-47.523315
49.421482		-45.946777
49.441483		-44.369385
49.461483		-42.791504
49.481483		-41.212402
49.501484		-39.632690
49.521484		-38.052246
49.541485		-36.471069
49.561485		-34.888916
49.581486		-33.305908
49.601486		-31.722412
49.621487		-30.137695
49.641487		-28.552368
49.661488		-26.966309
49.681488		-25.379517
49.701488		-23.791748
49.721489		-22.203247
49.741489		-20.614014
49.761490		-19.023926
49.781490		-17.433105
49.801491		-15.841309
49.821491		-14.248901
49.841492		-12.655518
49.861492		-11.061401
49.881493		-9.466553
49.901493		-7.870850
49.921494		-6.274414
49.941494		-4.677002
49.961494		-3.078979
49.981495		-1.479980
50.001495		0.119751
50.021496		1.720215
50.041496		3.321411
50.061497		4.923584
50.081497		6.526367
50.101498		8.130127
50.121498		9.734619
50.141499		11.339966
50.161499		12.946045
50.181499		14.552856
50.201500		16.160645
50.221500		17.769287
50.241501		19.378418
50.261501		20.988525
50.281502		22.599487
50.301502		24.211182
50.321503		25.823608
50.341503		27.436768
50.361504		29.050903
50.381504		30.665771
50.401505		32.281738
50.421505		33.897949
50.441505		35.515381
50.461506		37.133423
50.481506		38.752441
50.501507		40.371948
50.521507		41.992432
50.541508		43.614014
50.561508		45.235840
50.581509		46.858887
50.601509		48.482544
50.621510		50.106934
50.641510		51.732300
50.661510		53.358398
50.681511		54.985229
50.701511		56.613037
50.721512		58.241699
50.741512		59.870850
50.761513		61.500977
50.781513		63.131714
50.801514		64.763428
50.821514		66.396118
50.841515		68.029297
50.861515		69.663574
50.881516		71.298340
50.901516		72.934082
50.921516		74.570435
50.941517		76.207764
50.961517		77.845825
50.981518		79.484863
51.001518		81.124390
51.021519		82.764893
51.041519		84.406250
51.061520		86.048340
51.081520		87.691406
51.101521		89.335083
51.121521		90.979492
51.141521		92.624878
51.161522		94.270752
51.181522		95.917969
51.201523		97.565430
51.221523		99.214111
51.241524		100.863403
51.261524		102.513428
51.281525		104.164185
51.301525		105.815918
51.321526		107.468384
51.341526		109.121826
51.361526		110.775879
51.381527		112.430786
51.401527		114.086426
51.421528		115.743042
51.441528		117.400391
51.461529		119.058472
51.481529		120.717285
51.501530		122.376831
51.521530		124.037354
51.541531		125.698730
51.561531		127.360962
51.581532		129.023682
51.601532		130.687378
51.621532		132.352051
51.641533		134.017212
51.661533		135.683350
51.681534		137.350342
51.701534		139.017944
51.721535		140.686523
51.741535		142.355835
51.761536		144.025879
51.781536		145.696655
51.801537		147.368408
51.821537		149.040894
51.841537		150.714111
51.861538		152.388428
51.881538		154.063354
51.901539		155.739014
51.921539		157.415405
51.941540		159.092773
51.961540		160.770874
51.981541		162.449707
